EventID TrackID        Etotal          Ekin   Hit time             x             y             z    xOrigin    yOrigin    zOrigin   direction-x   direction-y   direction-z     Max Depth    Max Radius  Logical Volume         Process        Category 
    (-)     (-)          (eV)          (eV)       (ns)          (nm)          (nm)          (nm)       (nm)       (nm)       (nm)           (-)           (-)           (-)          (nm)          (nm) 
      2       1  6.915955e+02  6.915955e+02  3.231e-06  1.414225e+01 -5.456757e+00  1.000000e+00  0.000e+00  0.000e+00  1.000e+01  5.544721e-01 -6.135630e-01  5.622287e-01 -1.734942e+01  1.515847e+01  <samplecontainer>  <PE>  <BSE> 
      3       1  7.667031e+02  7.667031e+02  2.622e-06  1.267830e+01  3.408085e+01  1.000000e+00  0.000e+00  0.000e+00  1.000e+01  3.368754e-01  9.386034e-01  7.442230e-02 -2.375701e+00  3.636267e+01  <samplecontainer>  <PE>  <BSE> 
      3      17  1.013011e+01  1.013011e+01  3.076e-06  8.476492e+00  1.665369e+01  1.000000e+00  7.490e+00  1.739e+01 -6.636e-01  5.921423e-01 -5.505561e-01  5.884348e-01 -6.636236e-01  1.918747e+01  <LogSample>  <DielIoni>  <SE> 
      3       3  1.015751e+01  1.015751e+01  3.166e-06  6.455373e-01  1.548949e+00  1.000000e+00  4.842e-02  2.514e-01 -1.085e+00  3.473292e-01  3.297870e-01  8.778399e-01 -1.084541e+00  1.678083e+00  <LogSample>  <DielIoni>  <SE> 
      4       1  1.113688e+03  1.113688e+03  8.169e-07  4.424564e-01  2.828998e+00  1.000000e+00  0.000e+00  0.000e+00  1.000e+01  2.911835e-01  3.856733e-01  8.754817e-01 -2.226883e+00  2.863389e+00  <samplecontainer>  <PE>  <BSE> 
      4       4  1.341497e+01  1.341497e+01  2.107e-06  1.861627e+00  2.634897e+00  1.000000e+00 -3.708e-02  2.194e+00 -4.450e-01  7.386240e-01 -2.397422e-01  6.300463e-01 -6.897178e-01  3.261958e+00  <LogSample>  <DielIoni>  <SE> 
      4       5  1.525793e+01  1.525793e+01  2.455e-06 -1.907717e+00 -1.130068e+00  1.000000e+00 -3.655e-02  2.203e+00 -4.466e-01 -4.743980e-01 -8.242918e-01  3.090139e-01 -4.466039e-01  2.217304e+00  <LogSample>  <DielIoni>  <SE> 
      4       2  5.174699e+00  5.174699e+00  1.725e-06 -2.717235e-01  1.002403e+00  1.000000e+00  1.578e-01  1.348e-01 -8.746e-01 -1.168622e-01  3.494973e-01  9.296208e-01 -8.746158e-01  1.038578e+00  <LogSample>  <DielIoni>  <SE> 
      4       7  9.578171e+00  9.578171e+00  1.784e-06  8.498279e-01  5.621230e-01  1.000000e+00 -1.213e-01  5.526e-01 -3.839e-01  6.525740e-01  1.742944e-01  7.374067e-01 -3.838972e-01  1.018916e+00  <LogSample>  <DielIoni>  <SE> 
      5       1  5.798480e+02  5.798480e+02  1.695e-06 -4.152119e+00 -2.443326e+00  1.000000e+00  0.000e+00  0.000e+00  1.000e+01  5.947521e-02  4.403903e-02  9.972579e-01 -7.399933e+00  4.998486e+00  <samplecontainer>  <PE>  <BSE> 
      8      44  4.766142e+00  4.766142e+00  1.879e-05 -1.130704e+00  2.176690e+00  1.000000e+00  2.264e-01  4.873e+00 -5.817e+00 -3.276150e-01 -2.530774e-01  9.102858e-01 -5.817323e+00  5.253616e+00  <LogSample>  <DielIoni>  <SE> 
      8       2  7.190710e+00  7.190710e+00  1.329e-06  4.446431e-01  6.760564e-01  1.000000e+00  0.000e+00  1.016e-02 -1.494e-01  3.312367e-01  4.960601e-01  8.026249e-01 -1.494130e-01  8.091723e-01  <LogSample>  <DielIoni>  <SE> 
      9       1  1.232165e+03  1.232165e+03  8.054e-07 -3.032944e+00  1.078256e-01  1.000000e+00  0.000e+00  0.000e+00  1.000e+01 -5.027860e-01  9.533403e-02  8.591378e-01 -1.615622e+00  3.034860e+00  <samplecontainer>  <PE>  <BSE> 
     10       2  1.173484e+01  1.173484e+01  3.195e-06  4.568612e-01 -9.000067e-01  1.000000e+00  0.000e+00  1.156e-02 -1.560e+00 -3.386220e-01 -2.244375e-01  9.137631e-01 -1.560297e+00  1.092401e+00  <LogSample>  <DielIoni>  <SE> 
     15       1  1.203016e+03  1.203016e+03  7.421e-07 -2.655372e+00  2.578073e+00  1.000000e+00  0.000e+00  0.000e+00  1.000e+01 -5.947873e-01  5.615369e-01  5.752428e-01 -1.166176e+00  3.701008e+00  <samplecontainer>  <PE>  <BSE> 
     15       3  7.277480e+00  7.277480e+00  3.117e-06 -2.154722e+00 -1.081406e-02  1.000000e+00 -1.249e+00  1.289e+00 -4.610e-01  3.091607e-01 -5.508110e-01  7.752593e-01 -7.682663e-01  2.948049e+00  <LogSample>  <DielIoni>  <SE> 
     18       1  1.249905e+03  1.249905e+03  5.857e-07  7.883671e-01  2.187133e-01  1.000000e+00  0.000e+00  0.000e+00  1.000e+01  4.867521e-01  1.020674e-01  8.675567e-01 -5.275527e-01  8.181431e-01  <samplecontainer>  <PE>  <BSE> 
     25       1  2.786238e+02  2.786238e+02  3.666e-06 -6.300617e-01  1.220926e+01  1.000000e+00  0.000e+00  0.000e+00  1.000e+01  6.991785e-01  6.144045e-01  3.655907e-01 -1.116713e+01  1.290328e+01  <samplecontainer>  <PE>  <BSE> 
     25      25  2.615793e+00  2.615793e+00  1.479e-05 -8.486581e+00  1.349725e+01  1.000000e+00 -4.018e+00  1.198e+01 -1.008e+00 -6.773320e-01 -6.623192e-01  3.202415e-01 -1.557001e+00  1.698500e+01  <LogSample>  <DielIoni>  <SE> 
     25      24  1.756000e+01  1.756000e+01  3.059e-06 -5.500719e+00  1.158803e+01  1.000000e+00 -5.466e+00  1.148e+01 -6.915e-01 -2.603504e-01  1.950937e-01  9.455983e-01 -6.915382e-01  1.282733e+01  <LogSample>  <DielIoni>  <SE> 
     28       6  8.724725e+00  8.724725e+00  1.123e-05 -3.293444e+00  8.932615e-01  1.000000e+00  5.098e-01 -3.310e-01 -2.320e+00 -5.425186e-01  7.292329e-01  4.170047e-01 -3.469370e+00  3.412432e+00  <LogSample>  <DielIoni>  <SE> 
     28       5  1.529617e+01  1.529617e+01  2.339e-06 -5.434256e-01 -8.988536e-01  1.000000e+00  4.877e-01 -2.825e-01 -2.146e+00 -4.791835e-01 -4.984561e-01  7.224436e-01 -2.146101e+00  1.050357e+00  <LogSample>  <DielIoni>  <SE> 
     28      59  1.143522e+01  1.143522e+01  1.048e-05 -1.124498e+00  1.227085e+00  1.000000e+00  2.083e-01 -4.479e-01 -1.771e+00  2.340593e-01  4.746529e-01  8.484815e-01 -2.032613e+00  1.664402e+00  <LogSample>  <DielIoni>  <SE> 
     30       1  6.233677e+02  6.233677e+02  2.046e-06  2.020414e+00  6.859876e+00  1.000000e+00  0.000e+00  0.000e+00  1.000e+01 -9.848986e-02 -8.511624e-01  5.155796e-01 -7.523013e+00  9.340316e+00  <samplecontainer>  <PE>  <BSE> 
     30      18  4.882145e+00  4.882145e+00  3.005e-06  2.135147e+00  7.750613e+00  1.000000e+00  2.219e+00  8.573e+00 -3.931e-02 -1.224568e-01 -6.202844e-01  7.747591e-01 -1.348968e-01  8.901060e+00  <LogSample>  <DielIoni>  <SE> 
     31      18  1.219730e+01  1.219730e+01  5.886e-06  1.646909e+01 -1.842828e+01  1.000000e+00  1.564e+01 -1.635e+01 -1.992e+00 -9.359641e-02 -4.016771e-01  9.109859e-01 -1.992219e+00  2.471502e+01  <LogSample>  <DielIoni>  <SE> 
     35       1  4.956208e+02  4.956208e+02  3.702e-06 -3.363690e+01 -2.887611e+00  1.000000e+00  0.000e+00  0.000e+00  1.000e+01 -5.947604e-01  6.246292e-01  5.060617e-01 -1.368168e+01  3.376062e+01  <samplecontainer>  <PE>  <BSE> 
     36       3  8.581479e+01  8.581479e+01  1.147e-06 -3.217694e+00  4.286869e-01  1.000000e+00  0.000e+00  1.012e-02 -1.137e-01 -9.449573e-01  2.230636e-02  3.264325e-01 -1.456067e-01  3.246125e+00  <LogSample>  <DielIoni>  <BSE> 
     36       2  8.303785e+01  8.303785e+01  5.268e-06 -2.476262e+01 -4.388888e+00  1.000000e+00  0.000e+00  1.012e-02 -1.137e-01 -9.835794e-01 -1.760017e-01  3.993609e-02 -2.985582e-01  2.514855e+01  <LogSample>  <DielIoni>  <BSE> 
     38       1  3.248764e+02  3.248764e+02  2.328e-06 -7.682805e+00 -1.548541e+01  1.000000e+00  0.000e+00  0.000e+00  1.000e+01 -7.135911e-01 -6.232688e-01  3.198808e-01 -3.964553e+00  1.728651e+01  <samplecontainer>  <PE>  <BSE> 
     38      18  5.509810e-01  5.509810e-01  5.154e-05 -9.416098e+00 -1.416152e+01  1.000000e+00 -3.411e+00 -1.321e+01 -1.456e+00 -4.307483e-02  3.109723e-01  9.494424e-01 -5.527459e+00  2.030620e+01  <LogSample>  <DielIoni>  <SE> 
     38       7  4.533022e+00  4.533022e+00  1.504e-05 -5.090378e+00 -5.782150e+00  1.000000e+00 -1.637e+00 -4.549e+00 -3.457e+00 -4.283489e-01 -4.508856e-01  7.830833e-01 -3.457071e+00  7.703584e+00  <LogSample>  <DielIoni>  <SE> 
     38      48  1.365513e+00  1.365513e+00  1.955e-05 -1.265300e+00 -3.703718e-01  1.000000e+00 -5.606e-03 -3.527e-01 -1.850e+00 -9.589845e-01 -7.630531e-02  2.729950e-01 -2.480090e+00  2.378524e+00  <LogSample>  <DielIoni>  <SE> 
     38      53  6.686260e+00  6.686260e+00  4.163e-06 -1.485909e+00 -2.616813e+00  1.000000e+00  1.021e-01 -8.725e-01 -1.598e+00 -7.806713e-01 -3.088490e-01  5.432906e-01 -1.597674e+00  3.009258e+00  <LogSample>  <DielIoni>  <SE> 
     42       1  8.364182e+02  8.364182e+02  2.153e-06  6.736200e+00  1.341481e+01  1.000000e+00  0.000e+00  0.000e+00  1.000e+01 -4.262845e-01  4.429440e-01  7.887218e-01 -1.043418e+01  1.501111e+01  <samplecontainer>  <PE>  <BSE> 
     42      15  3.809947e+00  3.809947e+00  1.203e-05  6.148991e+00  1.515036e+01  1.000000e+00  6.877e+00  1.261e+01 -1.995e+00 -3.470700e-01  2.174896e-01  9.122723e-01 -2.554673e+00  1.636053e+01  <LogSample>  <DielIoni>  <SE> 
     43      20  8.161904e+00  8.161904e+00  1.361e-05 -1.546891e+01 -9.123911e+00  1.000000e+00 -1.692e+01 -9.535e+00 -3.832e+00  3.755786e-01 -4.066470e-02  9.258980e-01 -3.831623e+00  1.975337e+01  <LogSample>  <DielIoni>  <SE> 
     44      17  4.727546e+00  4.727546e+00  1.821e-05 -4.348066e+00  8.538398e+00  1.000000e+00 -3.377e+00  1.254e+01 -3.599e+00 -6.260237e-01 -5.804570e-01  5.207340e-01 -4.226463e+00  1.315364e+01  <LogSample>  <DielIoni>  <SE> 
     44      67  2.136694e+00  2.136694e+00  1.896e-05 -6.706920e+00  1.698236e+01  1.000000e+00 -2.141e+00  1.579e+01 -4.058e+00 -7.676254e-02 -2.339984e-01  9.692019e-01 -4.383855e+00  1.851980e+01  <LogSample>  <DielIoni>  <SE> 
     45       1  4.596212e+02  4.596212e+02  1.915e-06 -5.099847e+00 -1.145008e+01  1.000000e+00  0.000e+00  0.000e+00  1.000e+01 -7.207739e-01 -2.582673e-01  6.432596e-01 -4.681965e+00  1.253446e+01  <samplecontainer>  <PE>  <BSE> 
     45       3  4.064152e+02  4.064152e+02  8.245e-07 -5.932342e-01 -1.000227e+00  1.000000e+00  0.000e+00  1.094e-02 -9.350e-01 -3.747161e-01 -5.258136e-01  7.636150e-01 -1.167219e+00  1.162919e+00  <LogSample>  <DielIoni>  <BSE> 
     45      20  4.760816e+00  4.760816e+00  7.409e-06  1.139552e+00  8.171231e-01  1.000000e+00  9.182e-02  2.822e-01 -1.078e+00  5.239459e-01  2.502946e-01  8.141457e-01 -1.228759e+00  1.402237e+00  <LogSample>  <DielIoni>  <SE> 
     49       1  4.044783e+02  4.044783e+02  1.458e-06  4.480418e+00  3.231502e+00  1.000000e+00  0.000e+00  0.000e+00  1.000e+01  7.840804e-01  1.675836e-01  5.976067e-01 -1.553875e+00  5.524197e+00  <samplecontainer>  <PE>  <BSE> 
     49      14  2.193035e+01  2.193035e+01  1.737e-06  2.876720e+00  2.419988e+00  1.000000e+00  2.974e+00  2.910e+00 -1.544e-01 -7.949705e-02 -3.996217e-01  9.132265e-01 -1.544036e-01  4.160629e+00  <LogSample>  <DielIoni>  <SE> 
     49      16  1.599670e+01  1.599670e+01  2.322e-06  4.404479e+00  3.382908e+00  1.000000e+00  3.972e+00  1.710e+00 -1.978e-01 -3.785999e-01  5.737371e-01  7.262836e-01 -2.317331e-01  5.581949e+00  <LogSample>  <DielIoni>  <SE> 
     49       9  6.056803e+00  6.056803e+00  4.848e-06  4.866834e+00  6.128546e-01  1.000000e+00  2.908e+00  1.028e+00 -2.615e-01  1.577380e-01 -1.540254e-04  9.874810e-01 -1.438561e+00  4.905269e+00  <LogSample>  <DielIoni>  <SE> 
     49      19  6.684348e+00  6.684348e+00  7.037e-06 -2.424865e+00  1.175697e+00  1.000000e+00  2.909e+00  1.023e+00 -2.238e-01 -9.036435e-01  2.627252e-01  3.382364e-01 -1.552426e+00  3.083551e+00  <LogSample>  <DielIoni>  <SE> 
     49      34  9.777887e+00  9.777887e+00  4.693e-06  1.383369e+00  5.675268e+00  1.000000e+00  5.139e+00  3.526e+00 -8.260e-01 -8.002138e-01  5.373374e-01  2.663203e-01 -8.260050e-01  6.232344e+00  <LogSample>  <DielIoni>  <SE> 
     49      26  1.990092e+00  1.990092e+00  1.449e-05  4.365379e+00  5.274990e+00  1.000000e+00  3.823e+00  2.487e+00 -1.066e+00 -5.242108e-02  5.001197e-01  8.643682e-01 -2.999099e+00  6.847047e+00  <LogSample>  <DielIoni>  <SE> 
     52       1  3.553436e+02  3.553436e+02  3.127e-06  4.698677e+00 -1.114935e+01  1.000000e+00  0.000e+00  0.000e+00  1.000e+01 -5.476892e-01 -7.304991e-01  4.079309e-01 -1.268310e+01  1.330364e+01  <samplecontainer>  <PE>  <BSE> 
     52      24  1.010877e+01  1.010877e+01  6.254e-06  1.538074e+00 -5.268083e+00  1.000000e+00  6.455e+00 -8.964e+00 -3.342e-01 -7.773959e-01  6.065646e-01  1.665382e-01 -3.341525e-01  1.104667e+01  <LogSample>  <DielIoni>  <SE> 
     53      57  3.908672e+00  3.908672e+00  2.943e-06  6.015094e-02  2.247338e-01  1.000000e+00 -5.393e-02  9.870e-02 -6.983e-01 -4.972520e-01  7.773741e-03  8.675714e-01 -8.745984e-01  8.001608e-01  <LogSample>  <DielIoni>  <SE> 
     54       3  9.212635e-01  9.212635e-01  7.846e-06  2.521407e+00 -8.405772e-01  1.000000e+00  6.677e-02 -4.420e-02 -1.753e+00  8.967244e-01 -2.160101e-01  3.862964e-01 -1.752705e+00  2.657831e+00  <LogSample>  <DielIoni>  <SE> 
     56       2  1.233864e+01  1.233864e+01  1.240e-06 -3.199756e-01 -1.177341e+00  1.000000e+00  0.000e+00  1.002e-02 -8.599e-03 -2.015117e-01 -7.477662e-01  6.326443e-01 -8.599165e-03  1.220048e+00  <LogSample>  <DielIoni>  <SE> 
     58       1  4.929456e+02  4.929456e+02  2.808e-06  1.023625e+01 -1.062814e+01  1.000000e+00  0.000e+00  0.000e+00  1.000e+01 -1.444914e-01 -8.687920e-01  4.736271e-01 -3.740489e+00  1.475595e+01  <samplecontainer>  <PE>  <BSE> 
     59      26  2.758438e+01  2.758438e+01  4.264e-06 -1.557751e+01 -8.274173e+00  1.000000e+00 -1.435e+01 -7.607e+00 -4.306e-01 -7.486300e-01 -2.905703e-01  5.959212e-01 -4.306267e-01  1.763861e+01  <LogSample>  <DielIoni>  <SE> 
     60       1  1.121936e+03  1.121936e+03  9.683e-07  7.156799e+00  1.295786e+00  1.000000e+00  0.000e+00  0.000e+00  1.000e+01  8.934639e-01  9.986951e-02  4.378907e-01 -1.967353e+00  7.273158e+00  <samplecontainer>  <PE>  <BSE> 
     61       2  1.424777e+02  1.424777e+02  6.728e-07  5.844178e-01 -5.906305e-04  1.000000e+00  0.000e+00  1.009e-02 -8.255e-02  3.736447e-01  7.712038e-02  9.243604e-01 -9.883789e-02  5.844181e-01  <LogSample>  <DielIoni>  <BSE> 
     63       1  1.114195e+03  1.114195e+03  1.463e-06  2.190202e-01  3.737259e+00  1.000000e+00  0.000e+00  0.000e+00  1.000e+01 -3.110771e-01 -5.514387e-01  7.740455e-01 -4.392558e+00  9.146741e+00  <samplecontainer>  <PE>  <BSE> 
     64       1  9.762053e+02  9.762053e+02  9.719e-07  3.862723e+00  2.078256e+00  1.000000e+00  0.000e+00  0.000e+00  1.000e+01 -2.698055e-01 -1.430884e-02  9.628085e-01 -2.427745e+00  4.749767e+00  <samplecontainer>  <PE>  <BSE> 
     64       7  3.554331e+01  3.554331e+01  1.674e-06  5.926981e+00  1.720946e+00  1.000000e+00  4.261e+00  2.099e+00 -4.229e-01  7.463527e-01 -3.349524e-01  5.751213e-01 -5.323836e-01  6.171771e+00  <LogSample>  <DielIoni>  <SE> 
     64       2  4.038607e+00  4.038607e+00  1.073e-05  9.015463e-01  2.948528e+00  1.000000e+00 -6.197e-02  2.348e-01 -1.834e+00 -3.107940e-01  7.644205e-01  5.648614e-01 -1.833772e+00  3.128482e+00  <LogSample>  <DielIoni>  <SE> 
     65       1  7.204729e+02  7.204729e+02  2.388e-06 -1.422010e+01 -1.239590e+01  1.000000e+00  0.000e+00  0.000e+00  1.000e+01 -1.249980e-01 -2.401503e-01  9.626543e-01 -1.232394e+01  1.886450e+01  <samplecontainer>  <PE>  <BSE> 
     69      74  4.630616e+00  4.630616e+00  5.893e-06 -9.768901e-01 -1.748506e-01  1.000000e+00 -2.969e-01  9.720e-02 -2.367e+00  6.328747e-02 -5.033227e-01  8.617778e-01 -2.367181e+00  1.682638e+00  <LogSample>  <DielIoni>  <SE> 
     70      50  3.387354e+01  3.387354e+01  9.297e-07 -2.586089e-01 -4.438064e-01  1.000000e+00  4.529e-02 -1.734e-01 -3.865e-01 -1.855040e-01 -2.467549e-01  9.511573e-01 -3.864793e-01  5.136562e-01  <LogSample>  <DielIoni>  <SE> 
     70      63  2.088957e+01  2.088957e+01  1.244e-06 -3.380927e-01 -1.002431e+00  1.000000e+00 -2.315e-02 -1.306e-01 -2.463e-01  1.914007e-02 -5.879893e-01  8.086422e-01 -2.654329e-01  1.057911e+00  <LogSample>  <DielIoni>  <SE> 
     72       1  1.123135e+03  1.123135e+03  9.604e-07  5.522242e+00 -4.040579e+00  1.000000e+00  0.000e+00  0.000e+00  1.000e+01  6.211543e-01 -5.832801e-01  5.234038e-01 -2.179091e+00  6.842619e+00  <samplecontainer>  <PE>  <BSE> 
     73       1  8.984972e+02  8.984972e+02  8.905e-07 -9.442671e-01 -3.636694e+00  1.000000e+00  0.000e+00  0.000e+00  1.000e+01 -6.597145e-01  2.255414e-01  7.168737e-01 -1.083906e+00  4.170684e+00  <samplecontainer>  <PE>  <BSE> 
     73       2  2.190356e+02  2.190356e+02  1.199e-06  1.697074e+00  5.103629e+00  1.000000e+00  0.000e+00  1.002e-02 -1.501e-02  2.762113e-01  9.177993e-01  2.852223e-01 -5.228543e-01  5.378391e+00  <LogSample>  <DielIoni>  <BSE> 
     73       7  6.654790e+00  6.654790e+00  8.137e-06 -8.978545e-01  1.592159e+00  1.000000e+00  4.678e-01  9.671e-01 -4.108e-01 -5.565285e-01  4.314814e-01  7.099999e-01 -2.068429e+00  1.827871e+00  <LogSample>  <DielIoni>  <SE> 
     75       2  1.197763e+01  1.197763e+01  6.719e-06 -8.299747e-01 -3.920832e+00  1.000000e+00  0.000e+00  1.015e-02 -1.444e-01 -4.875512e-01 -7.472023e-01  4.516443e-01 -9.584407e-01  4.007716e+00  <LogSample>  <DielIoni>  <SE> 
     76      28  7.201925e+00  7.201925e+00  1.222e-05  3.617486e+00 -1.513981e+01  1.000000e+00  4.677e+00 -1.722e+01 -3.858e+00 -3.609139e-01  5.944783e-01  7.185657e-01 -3.857748e+00  1.784285e+01  <LogSample>  <DielIoni>  <SE> 
     77      47  1.425396e+00  1.425396e+00  3.280e-05 -2.952468e+01 -1.546191e+01  1.000000e+00 -2.485e+01 -1.787e+01 -6.470e+00 -6.181415e-01  3.120016e-02  7.854474e-01 -6.469837e+00  3.332833e+01  <LogSample>  <DielIoni>  <SE> 
     81       2  3.625110e+00  3.625110e+00  1.900e-05 -4.084732e+00  1.050963e+00  1.000000e+00  0.000e+00  1.140e-02 -1.394e+00  1.470297e-01  6.817660e-01  7.166431e-01 -2.530692e+00  4.352077e+00  <LogSample>  <DielIoni>  <SE> 
     82       3  7.107592e+00  7.107592e+00  1.858e-05 -3.225240e+00 -2.472478e-01  1.000000e+00  6.339e-02 -7.067e-02 -6.029e-01 -6.218355e-01  5.882659e-01  5.169757e-01 -2.311303e+00  3.862980e+00  <LogSample>  <DielIoni>  <SE> 
     83       6  3.304941e+00  3.304941e+00  2.187e-05  1.461800e+00  1.099243e+00  1.000000e+00 -8.118e-01 -4.654e-01 -3.653e+00  7.919661e-01  5.088752e-01  3.373955e-01 -3.870260e+00  4.123518e+00  <LogSample>  <DielIoni>  <SE> 
     86       1  3.503319e+02  3.503319e+02  2.162e-06  1.447572e+01  3.412122e+00  1.000000e+00  0.000e+00  0.000e+00  1.000e+01  3.413026e-01  7.398041e-01  5.798297e-01 -5.220157e+00  1.487242e+01  <samplecontainer>  <PE>  <BSE> 
     86       9  4.751475e+00  4.751475e+00  3.254e-05  7.359798e+00 -6.357911e+00  1.000000e+00  6.095e+00 -3.734e+00 -3.598e+00 -3.653071e-01 -3.577457e-01  8.594002e-01 -4.696492e+00  1.076121e+01  <LogSample>  <DielIoni>  <SE> 
     86      51  3.516401e+00  3.516401e+00  2.837e-06 -2.290367e+00  1.360718e+00  1.000000e+00 -2.377e-01  2.246e-01 -9.154e-02 -7.957904e-01  3.529313e-01  4.920947e-01 -3.617210e-01  2.664083e+00  <LogSample>  <DielIoni>  <SE> 
     89       1  5.006365e+02  5.006365e+02  2.613e-06 -1.953539e+01  1.808730e+01  1.000000e+00  0.000e+00  0.000e+00  1.000e+01 -5.554481e-01  2.803264e-01  7.828758e-01 -6.234401e+00  2.662296e+01  <samplecontainer>  <PE>  <BSE> 
     89      13  1.513938e+01  1.513938e+01  5.910e-06 -9.470576e+00  1.195739e+01  1.000000e+00 -1.018e+01  1.256e+01 -1.840e+00 -7.537262e-02 -1.811952e-01  9.805546e-01 -1.839654e+00  1.618892e+01  <LogSample>  <DielIoni>  <SE> 
     89      12  3.093759e+00  3.093759e+00  2.410e-05 -7.932834e+00  1.126687e+01  1.000000e+00 -9.698e+00  1.233e+01 -1.858e+00  9.058241e-01 -2.712487e-01  3.254333e-01 -2.280596e+00  1.683167e+01  <LogSample>  <DielIoni>  <SE> 
     89      37  1.311334e+01  1.311334e+01  4.277e-06 -7.828049e+00  1.004101e+01  1.000000e+00 -7.716e+00  1.135e+01 -1.076e+00 -2.667349e-01 -7.677654e-01  5.825709e-01 -1.076139e+00  1.372516e+01  <LogSample>  <DielIoni>  <SE> 
     89       8  2.815555e+00  2.815555e+00  4.852e-05 -5.550559e+00  9.814940e+00  1.000000e+00 -5.225e+00  1.083e+01 -8.430e-01  4.999674e-01  4.895235e-01  7.144224e-01 -4.163829e+00  1.453087e+01  <LogSample>  <DielIoni>  <SE> 
     89       2  2.438511e+00  2.438511e+00  2.381e-05  9.543682e-01  1.299937e+00  1.000000e+00  6.394e-01  1.571e+00 -3.409e+00  1.637527e-02 -4.090744e-01  9.123541e-01 -4.704902e+00  3.900550e+00  <LogSample>  <DielIoni>  <SE> 
     90       2  7.773611e+00  7.773611e+00  6.260e-06  3.641759e-01  2.227981e+00  1.000000e+00 -3.049e-02 -1.870e-01 -1.668e+00 -1.943134e-01  7.957497e-01  5.736068e-01 -1.667623e+00  2.257548e+00  <LogSample>  <DielIoni>  <SE> 
     91       2  2.702691e+00  2.702691e+00  2.966e-05  2.518503e+00 -1.877198e+00  1.000000e+00  2.666e-01 -7.386e-02 -1.359e+00 -4.620684e-01  4.724361e-01  7.505311e-01 -2.448544e+00  4.026016e+00  <LogSample>  <DielIoni>  <SE> 
     92       1  1.075905e+03  1.075905e+03  1.571e-06  5.017160e+00 -1.152740e+01  1.000000e+00  0.000e+00  0.000e+00  1.000e+01  5.017211e-02  2.230558e-01  9.735137e-01 -5.002858e+00  1.313534e+01  <samplecontainer>  <PE>  <BSE> 
     92       2  1.535729e+01  1.535729e+01  1.057e-06 -5.988726e-01 -6.841631e-01  1.000000e+00  1.240e-02 -1.435e-01 -7.920e-02 -4.668676e-01 -3.997876e-01  7.887994e-01 -7.920096e-02  9.092456e-01  <LogSample>  <DielIoni>  <SE> 
     93       1  1.147108e+03  1.147108e+03  1.573e-06  1.554817e+01  4.098103e+00  1.000000e+00  0.000e+00  0.000e+00  1.000e+01  7.585758e-01  2.739281e-01  5.912073e-01 -4.860787e+00  1.607918e+01  <samplecontainer>  <PE>  <BSE> 
     94       1  1.021564e+03  1.021564e+03  1.772e-06  1.097141e+01 -1.159670e+01  1.000000e+00  0.000e+00  0.000e+00  1.000e+01  1.984686e-01 -7.447122e-01  6.371922e-01 -6.684716e+00  1.596419e+01  <samplecontainer>  <PE>  <BSE> 
     95       1  9.815663e+02  9.815663e+02  1.778e-06 -8.296458e+00 -3.238364e+00  1.000000e+00  0.000e+00  0.000e+00  1.000e+01 -5.213761e-01 -5.243599e-01  6.732115e-01 -1.016775e+01  8.906078e+00  <samplecontainer>  <PE>  <BSE> 
     95      13  9.564176e+00  9.564176e+00  3.138e-06 -2.907669e+00  2.035869e+00  1.000000e+00  2.286e-01  6.341e-02 -4.604e-01 -8.149214e-01  5.035937e-01  2.868737e-01 -4.954602e-01  3.549550e+00  <LogSample>  <DielIoni>  <SE> 
     97      39  5.419065e+00  5.419065e+00  2.165e-05  1.778692e+01 -8.336269e-01  1.000000e+00  2.077e+01 -2.017e+00 -2.741e+00 -9.370984e-02 -2.292698e-01  9.688415e-01 -5.126974e+00  2.137638e+01  <LogSample>  <DielIoni>  <SE> 
    100       1  6.814673e+02  6.814673e+02  2.336e-06 -1.012349e+01 -5.276673e+00  1.000000e+00  0.000e+00  0.000e+00  1.000e+01 -2.872070e-01 -1.681781e-01  9.429890e-01 -1.476211e+01  1.141615e+01  <samplecontainer>  <PE>  <BSE> 
    100      12  6.107643e+00  6.107643e+00  6.992e-06 -7.774620e+00 -3.888819e+00  1.000000e+00 -9.292e+00 -4.673e+00 -2.165e+00  3.153663e-01  3.993632e-01  8.608444e-01 -2.624751e+00  1.057020e+01  <LogSample>  <DielIoni>  <SE> 
    100      16  7.788300e+00  7.788300e+00  1.455e-05 -9.329173e+00 -7.182168e+00  1.000000e+00 -9.319e+00 -4.514e+00 -2.212e+00  4.711245e-02 -5.554967e-01  8.301830e-01 -2.211506e+00  1.201510e+01  <LogSample>  <DielIoni>  <SE> 
    101      68  4.354912e+00  4.354912e+00  1.698e-05  7.106786e-01 -2.190677e+00  1.000000e+00 -6.108e-01  8.401e-01 -1.240e+00 -2.760645e-01 -1.731006e-01  9.454230e-01 -3.763307e+00  2.303070e+00  <LogSample>  <DielIoni>  <SE> 
    102       1  1.191871e+03  1.191871e+03  7.807e-07 -3.720575e-01 -5.335774e+00  1.000000e+00  0.000e+00  0.000e+00  1.000e+01 -2.002046e-01 -8.564593e-01  4.758104e-01 -5.940028e-01  5.348730e+00  <samplecontainer>  <PE>  <BSE> 
    105      48  3.072331e+00  3.072331e+00  8.979e-06 -5.461269e+00  2.079391e+01  1.000000e+00 -5.492e+00  1.984e+01 -3.191e+00  2.438879e-01  7.834276e-01  5.716292e-01 -3.190828e+00  2.149912e+01  <LogSample>  <DielIoni>  <SE> 
    105       3  2.654312e+00  2.654312e+00  1.606e-05 -1.831660e+00  3.674918e+00  1.000000e+00  2.220e-03 -9.618e-03 -7.859e-01 -1.427506e-01  7.979434e-01  5.855840e-01 -2.419614e+00  4.106093e+00  <LogSample>  <DielIoni>  <SE> 
    106       1  1.038645e+03  1.038645e+03  1.748e-06 -6.064568e+00  1.102830e+01  1.000000e+00  0.000e+00  0.000e+00  1.000e+01 -6.394762e-01  1.972841e-01  7.430674e-01 -9.029495e+00  1.258580e+01  <samplecontainer>  <PE>  <BSE> 
    106      11  2.630350e+00  2.630350e+00  1.048e-05 -5.757133e+00  1.188254e+01  1.000000e+00 -4.492e+00  1.045e+01 -1.078e+00  4.183783e-01  7.757148e-01  4.724682e-01 -1.490902e+00  1.320376e+01  <LogSample>  <DielIoni>  <SE> 
    109       2  4.342867e+00  4.342867e+00  9.018e-06  5.223297e-01 -5.460223e+00  1.000000e+00 -4.388e-02  1.436e-01 -1.538e+00  6.655523e-01 -6.480175e-01  3.702883e-01 -1.856239e+00  5.485150e+00  <LogSample>  <DielIoni>  <SE> 
    110       1  9.252172e+02  9.252172e+02  1.231e-06 -6.580468e+00  3.410363e+00  1.000000e+00  0.000e+00  0.000e+00  1.000e+01 -3.436696e-01  1.208476e-01  9.312825e-01 -4.486081e+00  7.411689e+00  <samplecontainer>  <PE>  <BSE> 
    110       3  8.513374e+00  8.513374e+00  4.413e-06  2.249966e+00  1.810719e+00  1.000000e+00  1.327e-02  4.818e-02 -1.044e+00 -3.466963e-01 -1.640068e-02  9.378340e-01 -1.953832e+00  3.277749e+00  <LogSample>  <DielIoni>  <SE> 
    110       9  6.797590e+00  6.797590e+00  8.583e-06  4.166071e+00 -1.965189e+00  1.000000e+00  1.811e+00 -8.378e-01 -1.502e+00  5.708502e-01  2.662055e-01  7.767012e-01 -1.747677e+00  4.606312e+00  <LogSample>  <DielIoni>  <SE> 
    110      18  4.547161e+00  4.547161e+00  5.461e-06 -3.203817e+00 -4.177183e+00  1.000000e+00  9.970e-02  1.146e-02 -1.278e+00 -6.017154e-01 -7.133057e-01  3.593515e-01 -1.423247e+00  5.264343e+00  <LogSample>  <DielIoni>  <SE> 
    113       2  5.380416e+00  5.380416e+00  8.871e-06 -1.702601e+00  5.162070e-01  1.000000e+00 -5.835e-01 -3.096e-03 -3.300e+00 -2.513836e-01  4.071211e-01  8.780995e-01 -3.300339e+00  1.779135e+00  <LogSample>  <DielIoni>  <SE> 
    114       1  1.097700e+03  1.097700e+03  1.579e-06 -6.663967e+00 -8.895954e+00  1.000000e+00  0.000e+00  0.000e+00  1.000e+01 -7.973594e-01 -3.996413e-01  4.522222e-01 -7.460721e+00  1.111515e+01  <samplecontainer>  <PE>  <BSE> 
    115       1  5.938750e+02  5.938750e+02  3.534e-06  1.530079e+00 -3.710311e+00  1.000000e+00  0.000e+00  0.000e+00  1.000e+01 -6.657384e-01  3.539204e-01  6.569115e-01 -1.904716e+01  1.135484e+01  <samplecontainer>  <PE>  <BSE> 
    115      33  1.028194e+01  1.028194e+01  2.665e-06  3.117434e+00 -1.736100e+00  1.000000e+00  1.684e-01 -2.550e-02 -4.028e-01  8.005774e-01 -2.693949e-01  5.352590e-01 -5.610007e-01  3.568254e+00  <LogSample>  <DielIoni>  <SE> 
    116       1  1.595449e+02  1.595449e+02  2.825e-06 -2.812658e+00 -2.328732e+01  1.000000e+00  0.000e+00  0.000e+00  1.000e+01  2.403403e-01 -3.634317e-01  9.000855e-01 -4.864360e+00  2.345656e+01  <samplecontainer>  <PE>  <BSE> 
    116      26  8.915844e+01  8.915844e+01  2.728e-06 -3.756090e+00 -2.000482e+01  1.000000e+00 -4.150e+00 -2.128e+01 -1.131e-01  1.186563e-01  7.387241e-01  6.634812e-01 -1.130982e-01  2.167680e+01  <LogSample>  <DielIoni>  <BSE> 
    116      25  4.493080e+00  4.493080e+00  6.045e-06 -2.902547e+00 -2.368360e+01  1.000000e+00 -4.334e+00 -2.114e+01 -1.289e-01  1.579781e-01 -8.417326e-01  5.162646e-01 -9.986600e-01  2.386080e+01  <LogSample>  <DielIoni>  <SE> 
    116      24  2.846698e+01  2.846698e+01  2.876e-06 -5.086972e+00 -2.197647e+01  1.000000e+00 -4.383e+00 -2.111e+01 -1.322e-01 -4.499605e-01 -5.540677e-01  7.003888e-01 -1.321817e-01  2.255753e+01  <LogSample>  <DielIoni>  <SE> 
    116      16  4.368024e+00  4.368024e+00  1.220e-05 -7.029472e+00 -1.509704e+01  1.000000e+00 -5.652e+00 -1.530e+01 -1.883e+00 -6.539196e-01  3.322752e-01  6.796928e-01 -1.882786e+00  1.674486e+01  <LogSample>  <DielIoni>  <SE> 
    116      32  4.221266e+00  4.221266e+00  1.539e-05 -8.495344e+00 -6.968418e+00  1.000000e+00 -4.702e+00 -7.591e+00 -3.467e+00 -7.486932e-01  2.502755e-01  6.138572e-01 -3.466703e+00  1.098771e+01  <LogSample>  <DielIoni>  <SE> 
    121       1  1.233517e+03  1.233517e+03  8.812e-07  1.738232e+00 -1.624116e+00  1.000000e+00  0.000e+00  0.000e+00  1.000e+01  3.850909e-01 -3.913959e-01  8.357717e-01 -2.593914e+00  2.378908e+00  <samplecontainer>  <PE>  <BSE> 
    122       1  7.583007e+02  7.583007e+02  3.404e-06 -2.149613e+00  1.849776e+01  1.000000e+00  0.000e+00  0.000e+00  1.000e+01 -1.213033e-01  3.865768e-01  9.142450e-01 -2.307750e+01  1.862225e+01  <samplecontainer>  <PE>  <BSE> 
    129       2  6.655573e+00  6.655573e+00  1.884e-06 -6.458617e-01  1.425405e-01  1.000000e+00  0.000e+00  1.118e-02 -1.170e+00 -2.586520e-01 -7.911538e-02  9.627253e-01 -1.170247e+00  6.614039e-01  <LogSample>  <DielIoni>  <SE> 
    131       2  1.604036e+01  1.604036e+01  1.724e-06 -6.030178e-01 -1.671511e+00  1.000000e+00  1.933e-04  1.100e-02 -7.726e-01  1.974887e-01 -4.555464e-01  8.680298e-01 -8.867051e-01  1.776958e+00  <LogSample>  <DielIoni>  <SE> 
    131      70  6.355392e+00  6.355392e+00  2.638e-06 -2.070529e+00  2.658572e-01  1.000000e+00 -9.583e-01 -1.008e+00 -4.389e-01 -3.643997e-01  3.552825e-01  8.608061e-01 -4.389230e-01  2.087527e+00  <LogSample>  <DielIoni>  <SE> 
    134       1  1.041809e+03  1.041809e+03  1.788e-06 -1.531308e+01  1.606457e+01  1.000000e+00  0.000e+00  0.000e+00  1.000e+01 -3.805603e-01  5.497214e-01  7.436264e-01 -3.862142e+00  2.219371e+01  <samplecontainer>  <PE>  <BSE> 
    135      28  4.976178e+00  4.976178e+00  4.347e-06 -4.146851e-01  1.112986e+01  1.000000e+00 -5.170e-01  1.072e+01 -4.175e-01  4.535057e-01 -1.253395e-01  8.823960e-01 -4.174625e-01  1.144705e+01  <LogSample>  <DielIoni>  <SE> 
    135      32  2.781471e+00  2.781471e+00  6.342e-06  1.221178e-02  1.077467e+01  1.000000e+00 -1.383e-01  1.110e+01 -1.851e+00  3.371359e-01 -6.169148e-01  7.111649e-01 -1.851496e+00  1.172012e+01  <LogSample>  <DielIoni>  <SE> 
    135      22  5.455966e+00  5.455966e+00  6.214e-06 -5.503113e-02  1.015918e+01  1.000000e+00  9.714e-02  1.019e+01 -9.049e-01 -5.712136e-02 -2.776869e-01  9.589719e-01 -9.715728e-01  1.111628e+01  <LogSample>  <DielIoni>  <SE> 
    135      64  6.033644e+00  6.033644e+00  7.339e-06 -9.117506e-02 -1.492413e+00  1.000000e+00  2.672e-02 -1.041e+00 -2.288e+00  2.712546e-01  4.509248e-02  9.614508e-01 -2.287869e+00  1.614582e+00  <LogSample>  <DielIoni>  <SE> 
    135       2  1.859226e+01  1.859226e+01  1.772e-06 -9.323350e-01 -2.924062e-01  1.000000e+00  0.000e+00  1.099e-02 -9.807e-01 -4.537833e-01 -2.480661e-01  8.558878e-01 -9.807146e-01  9.771131e-01  <LogSample>  <DielIoni>  <SE> 
    136       1  9.446630e+02  9.446630e+02  1.690e-06  1.223794e+01 -1.663244e+01  1.000000e+00  0.000e+00  0.000e+00  1.000e+01  4.716240e-01 -8.343882e-01  2.852491e-01 -2.733036e+00  2.064958e+01  <samplecontainer>  <PE>  <BSE> 
    138       1  1.089422e+03  1.089422e+03  1.929e-06  8.210841e+00 -1.328346e+00  1.000000e+00  0.000e+00  0.000e+00  1.000e+01  5.885737e-01 -2.478024e-01  7.695291e-01 -1.149944e+01  8.317596e+00  <samplecontainer>  <PE>  <BSE> 
    139       1  6.257076e+02  6.257076e+02  1.012e-06  3.279039e+00  5.035939e-01  1.000000e+00  0.000e+00  0.000e+00  1.000e+01  4.329794e-01  3.596723e-01  8.265378e-01 -2.189297e+00  3.317485e+00  <samplecontainer>  <PE>  <BSE> 
    139      15  3.163437e+00  3.163437e+00  1.149e-05 -1.661699e-01 -3.331768e+00  1.000000e+00  1.291e+00 -3.870e+00 -1.924e+00  2.426837e-01 -1.317739e-01  9.611141e-01 -1.923697e+00  4.080010e+00  <LogSample>  <DielIoni>  <SE> 
    139      14  1.697656e+00  1.697656e+00  4.750e-05  2.758082e+00 -5.153191e-01  1.000000e+00  1.334e+00 -3.816e+00 -2.011e+00 -3.766458e-01  3.417457e-01  8.610156e-01 -3.992300e+00  4.984462e+00  <LogSample>  <DielIoni>  <SE> 
    139      12  1.549131e+01  1.549131e+01  2.999e-06  1.124456e+00 -4.051721e+00  1.000000e+00  1.392e+00 -3.865e+00 -1.926e+00  4.005338e-01  4.196065e-01  8.145570e-01 -1.926295e+00  4.835668e+00  <LogSample>  <DielIoni>  <SE> 
    140       1  9.453758e+02  9.453758e+02  1.572e-06  1.450482e+01  1.010250e+01  1.000000e+00  0.000e+00  0.000e+00  1.000e+01  6.515285e-01  6.638199e-01  3.672243e-01 -2.499126e+00  1.767627e+01  <samplecontainer>  <PE>  <BSE> 
    140      12  2.542518e+00  2.542518e+00  1.693e-05  1.196846e+01  3.776471e+00  1.000000e+00  1.263e+01  8.196e+00 -5.737e-02 -6.794122e-01 -5.957856e-01  4.282974e-01 -2.084295e+00  1.551472e+01  <LogSample>  <DielIoni>  <SE> 
    140       9  1.038616e+01  1.038616e+01  3.489e-06  1.096784e+01  3.153538e+00  1.000000e+00  9.711e+00  4.610e+00 -1.494e+00  7.852223e-01 -3.675217e-01  4.983510e-01 -1.494321e+00  1.141220e+01  <LogSample>  <DielIoni>  <SE> 
    142       3  3.487295e+00  3.487295e+00  4.939e-06  1.214808e+00  5.512813e-01  1.000000e+00 -1.069e-01 -2.145e-01 -2.303e+00  5.593288e-01  9.295625e-02  8.237175e-01 -2.303056e+00  1.334043e+00  <LogSample>  <DielIoni>  <SE> 
    144       1  5.948556e+02  5.948556e+02  1.622e-06 -1.090660e+01  9.823046e+00  1.000000e+00  0.000e+00  0.000e+00  1.000e+01 -6.264512e-01  6.997199e-01  3.434399e-01 -3.681197e+00  1.467808e+01  <samplecontainer>  <PE>  <BSE> 
    144      24  6.790626e+00  6.790626e+00  5.668e-06 -1.288783e+01  2.710161e+00  1.000000e+00 -1.103e+01  2.776e+00 -1.136e+00 -4.296294e-01 -6.453711e-03  9.029823e-01 -1.135730e+00  1.316971e+01  <LogSample>  <DielIoni>  <SE> 
    144      18  4.893265e+00  4.893265e+00  5.309e-06 -9.785533e+00  6.879255e+00  1.000000e+00 -1.107e+01  3.727e+00 -7.895e-01  1.632443e-01  9.374030e-01  3.076148e-01 -9.993216e-01  1.196164e+01  <LogSample>  <DielIoni>  <SE> 
    144      16  6.609262e+00  6.609262e+00  7.594e-06 -6.969857e+00  6.289253e+00  1.000000e+00 -1.047e+01  4.389e+00 -9.722e-01  8.717503e-01  9.245016e-03  4.898632e-01 -1.185465e+00  1.145274e+01  <LogSample>  <DielIoni>  <SE> 
    144      15  7.969282e+00  7.969282e+00  2.879e-06 -9.962616e+00  6.960863e+00  1.000000e+00 -9.693e+00  6.006e+00 -2.873e-01 -2.949138e-01  5.412167e-01  7.874708e-01 -2.872551e-01  1.215349e+01  <LogSample>  <DielIoni>  <SE> 
    144      11  9.107135e+00  9.107135e+00  3.000e-06 -8.234482e+00  9.880483e+00  1.000000e+00 -8.767e+00  7.399e+00 -1.714e-01  3.970214e-01  7.194971e-01  5.698227e-01 -7.752794e-01  1.286198e+01  <LogSample>  <DielIoni>  <SE> 
    144       5  2.782662e+00  2.782662e+00  2.370e-05  5.928688e+00  7.019484e+00  1.000000e+00  5.200e-01  2.394e+00 -3.681e+00 -2.191705e-01  8.814332e-01  4.183775e-01 -4.298211e+00  9.188171e+00  <LogSample>  <DielIoni>  <SE> 
    146       1  3.272933e+02  3.272933e+02  3.484e-06  7.775254e+00 -2.705371e+00  1.000000e+00  0.000e+00  0.000e+00  1.000e+01 -6.326271e-02  2.235614e-01  9.726346e-01 -1.502125e+01  8.755260e+00  <samplecontainer>  <PE>  <BSE> 
    147       2  7.763989e+00  7.763989e+00  2.403e-06 -1.571638e-01 -1.522233e-01  1.000000e+00  0.000e+00  1.014e-02 -1.277e-01  5.153956e-01 -8.782443e-03  8.569074e-01 -3.692685e-01  1.046794e+00  <LogSample>  <DielIoni>  <SE> 
    149      52  1.985743e+00  1.985743e+00  1.164e-05 -2.507443e+00 -7.301179e-01  1.000000e+00 -5.487e+00  1.047e+00 -2.304e+00 -4.036878e-01 -2.294605e-01  8.856546e-01 -2.304041e+00  5.586286e+00  <LogSample>  <DielIoni>  <SE> 
    150       1  1.249909e+03  1.249909e+03  6.638e-07  3.058781e-01 -3.095110e+00  1.000000e+00  0.000e+00  0.000e+00  1.000e+01  1.805400e-01 -9.185818e-01  3.515862e-01 -3.736640e-01  3.110187e+00  <samplecontainer>  <PE>  <BSE> 
    151       1  6.309622e+02  6.309622e+02  2.283e-06  5.864779e+00  1.094238e+01  1.000000e+00  0.000e+00  0.000e+00  1.000e+01  5.734504e-01  5.576122e-01  6.001860e-01 -1.022117e+01  1.241497e+01  <samplecontainer>  <PE>  <BSE> 
    151      11  5.517901e-01  5.517901e-01  1.448e-05 -5.740258e-01 -9.812326e-01  1.000000e+00  9.453e-01  1.663e-01 -4.929e+00 -4.707983e-01  3.985266e-01  7.870994e-01 -4.929406e+00  1.725568e+00  <LogSample>  <DielIoni>  <SE> 
    155       1  1.039410e+03  1.039410e+03  1.746e-06  1.594261e+01  5.805571e-01  1.000000e+00  0.000e+00  0.000e+00  1.000e+01  8.897621e-01 -2.895130e-03  4.564155e-01 -6.348281e+00  1.595318e+01  <samplecontainer>  <PE>  <BSE> 
    155      11  3.353158e+00  3.353158e+00  1.512e-05  1.566117e+01  2.179168e+00  1.000000e+00  1.306e+01  5.809e-01 -4.763e-01 -2.034233e-01  9.196331e-01  3.359969e-01 -1.599297e+00  1.635721e+01  <LogSample>  <DielIoni>  <SE> 
    163      33  4.953634e+00  4.953634e+00  8.201e-06  1.969202e+01 -3.122111e+01  1.000000e+00  1.851e+01 -2.903e+01 -2.844e+00  3.583795e-01 -5.425156e-01  7.597638e-01 -2.843956e+00  3.691251e+01  <LogSample>  <DielIoni>  <SE> 
    163      40  6.291253e+00  6.291253e+00  9.237e-06  1.770398e+01 -3.282656e+01  1.000000e+00  1.843e+01 -2.914e+01 -2.880e+00 -4.072319e-01 -7.583047e-01  5.090541e-01 -2.880156e+00  3.729630e+01  <LogSample>  <DielIoni>  <SE> 
    164       1  6.938429e+02  6.938429e+02  1.517e-06  1.405961e+01 -2.805636e+00  1.000000e+00  0.000e+00  0.000e+00  1.000e+01  9.188677e-01 -2.321526e-01  3.190412e-01 -3.106050e+00  1.433681e+01  <samplecontainer>  <PE>  <BSE> 
    166      61  2.658232e+00  2.658232e+00  3.140e-05  1.243922e+00  1.778545e-01  1.000000e+00 -5.540e-01 -1.086e+00 -9.643e-01 -2.989772e-01  6.259533e-02  9.522050e-01 -3.431822e+00  3.224718e+00  <LogSample>  <DielIoni>  <SE> 
    169       1  7.523606e+02  7.523606e+02  1.799e-06 -7.180006e+00 -7.251128e+00  1.000000e+00  0.000e+00  0.000e+00  1.000e+01 -1.950621e-01 -5.294673e-01  8.255999e-01 -8.374366e+00  1.020448e+01  <samplecontainer>  <PE>  <BSE> 
    169      15  5.996537e+00  5.996537e+00  1.420e-05 -7.524170e-01 -6.418111e-01  1.000000e+00 -4.492e+00 -2.966e+00 -4.609e+00  5.867506e-01 -3.588554e-01  7.259108e-01 -4.609317e+00  5.382772e+00  <LogSample>  <DielIoni>  <SE> 
    170      46  4.318099e+00  4.318099e+00  1.751e-05  1.733213e+00  2.045942e+01  1.000000e+00  3.757e+00  1.733e+01 -2.609e+00 -6.853209e-01  3.817442e-01  6.201667e-01 -3.228346e+00  2.053271e+01  <LogSample>  <DielIoni>  <SE> 
    170      26  3.967841e+00  3.967841e+00  2.268e-05  2.257063e+00  1.002844e+01  1.000000e+00  4.927e+00  1.743e+01 -3.914e+00 -7.043205e-01 -5.418853e-01  4.585771e-01 -4.429831e+00  1.810983e+01  <LogSample>  <DielIoni>  <SE> 
    171       1  8.177136e+02  8.177136e+02  1.483e-06  2.110014e+00  1.079350e+01  1.000000e+00  0.000e+00  0.000e+00  1.000e+01  5.666615e-01  2.022828e-01  7.987343e-01 -3.494099e+00  1.099781e+01  <samplecontainer>  <PE>  <BSE> 
    177       1  5.808454e+02  5.808454e+02  2.811e-06  2.911243e+01  3.726259e+00  1.000000e+00  0.000e+00  0.000e+00  1.000e+01  7.601555e-01  1.575307e-01  6.303552e-01 -1.182635e+01  2.934993e+01  <samplecontainer>  <PE>  <BSE> 
    178       3  7.612015e+00  7.612015e+00  6.427e-06  1.610394e+00  4.318835e-01  1.000000e+00 -6.906e-02 -1.982e-01 -1.904e+00  1.011283e-01  6.185603e-01  7.792023e-01 -1.903843e+00  1.667301e+00  <LogSample>  <DielIoni>  <SE> 
    183       2  2.763084e+01  2.763084e+01  9.119e-07 -3.687674e-01 -1.895496e-01  1.000000e+00  0.000e+00  1.018e-02 -1.742e-01 -2.542665e-01 -1.461065e-01  9.560342e-01 -2.446143e-01  4.146305e-01  <LogSample>  <DielIoni>  <SE> 
    186       1  1.048759e+03  1.048759e+03  1.189e-06  5.278293e+00 -3.556230e+00  1.000000e+00  0.000e+00  0.000e+00  1.000e+01  3.092516e-01 -9.794885e-02  9.459225e-01 -4.324655e+00  6.364523e+00  <samplecontainer>  <PE>  <BSE> 
    186      11  6.487130e+00  6.487130e+00  1.088e-05  1.262880e+00 -4.018139e+00  1.000000e+00  4.232e+00 -3.225e+00 -2.216e+00 -4.966220e-02  1.267087e-01  9.906960e-01 -2.215968e+00  5.320378e+00  <LogSample>  <DielIoni>  <SE> 
    190       1  1.094220e+03  1.094220e+03  1.465e-06  1.114999e+00  1.613735e+00  1.000000e+00  0.000e+00  0.000e+00  1.000e+01  2.434406e-02  9.141024e-02  9.955157e-01 -8.385769e+00  1.961470e+00  <samplecontainer>  <PE>  <BSE> 
    192      27  1.068057e+01  1.068057e+01  3.438e-06 -1.302320e+01  1.274775e+01  1.000000e+00 -1.283e+01  1.254e+01 -4.085e-02 -1.796263e-01  1.908991e-01  9.650347e-01 -4.085231e-02  1.822386e+01  <LogSample>  <DielIoni>  <SE> 
    192      26  2.421222e+01  2.421222e+01  3.321e-06 -1.353070e+01  1.225258e+01  1.000000e+00 -1.284e+01  1.253e+01 -3.953e-02 -5.460166e-01 -2.166612e-01  8.092737e-01 -3.952867e-02  1.825392e+01  <LogSample>  <DielIoni>  <SE> 
    192      32  5.501708e+00  5.501708e+00  4.369e-06 -1.355479e+01  1.285060e+01  1.000000e+00 -1.284e+01  1.252e+01 -2.259e-02  9.768333e-02 -2.338113e-01  9.673625e-01 -3.922304e-01  1.894503e+01  <LogSample>  <DielIoni>  <SE> 
    192      45  2.208886e+00  2.208886e+00  2.510e-05 -1.660288e+01  2.521144e+01  1.000000e+00 -1.229e+01  2.225e+01 -5.474e+00 -4.037645e-01  8.307633e-01  3.831534e-01 -5.473771e+00  3.018728e+01  <LogSample>  <DielIoni>  <SE> 
    192      60  7.086727e+00  7.086727e+00  4.001e-06 -9.953587e+00  1.535406e+01  1.000000e+00 -9.850e+00  1.620e+01 -1.353e+00  3.163977e-01 -1.861270e-01  9.301877e-01 -1.353386e+00  1.896014e+01  <LogSample>  <DielIoni>  <SE> 
    195       1  1.054155e+03  1.054155e+03  2.193e-06 -8.369576e+00  8.512200e+00  1.000000e+00  0.000e+00  0.000e+00  1.000e+01 -2.932361e-01  5.841660e-01  7.568108e-01 -1.238600e+01  1.193764e+01  <samplecontainer>  <PE>  <BSE> 
    195       7  3.945786e+00  3.945786e+00  1.355e-05 -4.800874e+00  3.113108e+00  1.000000e+00 -6.576e+00  5.158e+00 -4.281e+00  1.113019e-01  3.623715e-01  9.253641e-01 -4.280581e+00  8.357116e+00  <LogSample>  <DielIoni>  <SE> 
    196       1  6.401732e+02  6.401732e+02  3.003e-06  1.680537e+01 -5.731256e+00  1.000000e+00  0.000e+00  0.000e+00  1.000e+01 -1.809817e-01 -3.784296e-01  9.077646e-01 -1.087459e+01  2.139516e+01  <samplecontainer>  <PE>  <BSE> 
    196      24  6.798998e+00  6.798998e+00  7.007e-06  1.614311e+01 -5.272371e+00  1.000000e+00  1.733e+01 -4.855e+00 -1.492e+00  4.558525e-01 -4.646839e-01  7.591228e-01 -1.492086e+00  1.799489e+01  <LogSample>  <DielIoni>  <SE> 
    197       1  1.152389e+03  1.152389e+03  1.198e-06  1.547548e+00 -1.225904e+01  1.000000e+00  0.000e+00  0.000e+00  1.000e+01  1.252959e-01 -8.663575e-01  4.834518e-01 -1.791731e+00  1.235633e+01  <samplecontainer>  <PE>  <BSE> 
    197       5  9.898516e+00  9.898516e+00  8.857e-06  3.858794e+00 -8.267184e+00  1.000000e+00  7.645e-01 -5.825e+00 -1.545e-01  1.322945e-01 -3.392817e-02  9.906296e-01 -1.452855e+00  9.123410e+00  <LogSample>  <DielIoni>  <SE> 
    200       1  1.061816e+03  1.061816e+03  1.663e-06  9.683081e-01  1.393685e+01  1.000000e+00  0.000e+00  0.000e+00  1.000e+01 -2.527188e-01  1.725798e-01  9.520239e-01 -6.959983e+00  1.397045e+01  <samplecontainer>  <PE>  <BSE> 
    202       1  1.112169e+03  1.112169e+03  1.100e-06 -4.598892e+00 -1.468759e-01  1.000000e+00  0.000e+00  0.000e+00  1.000e+01 -4.060600e-01  7.136145e-03  9.138186e-01 -4.661469e+00  4.601237e+00  <samplecontainer>  <PE>  <BSE> 
    204       1  8.849033e+02  8.849033e+02  9.783e-07 -2.336342e+00 -6.067175e+00  1.000000e+00  0.000e+00  0.000e+00  1.000e+01 -2.979100e-01 -8.454774e-01  4.431903e-01 -2.158932e+00  6.501469e+00  <samplecontainer>  <PE>  <BSE> 
    204       5  7.224130e+00  7.224130e+00  9.199e-06  1.278897e+00  2.553226e+00  1.000000e+00 -1.457e-01 -2.418e-01 -2.011e+00 -2.986874e-01 -1.548342e-01  9.417071e-01 -2.011264e+00  3.664489e+00  <LogSample>  <DielIoni>  <SE> 
    204      13  8.079187e+00  8.079187e+00  3.860e-06  6.993391e-01  3.079956e-01  1.000000e+00  4.283e-01 -3.755e-01 -1.476e+00  1.007734e-01  2.289185e-01  9.682154e-01 -1.476059e+00  7.641573e-01  <LogSample>  <DielIoni>  <SE> 
    204       2  1.526238e+01  1.526238e+01  4.467e-06 -3.710615e-01  6.578835e-01  1.000000e+00 -5.869e-02 -1.777e-01 -1.579e+00 -2.108221e-01  1.709837e-02  9.773749e-01 -2.005242e+00  1.327598e+00  <LogSample>  <DielIoni>  <SE> 
    205       1  9.155929e+02  9.155929e+02  2.892e-06 -2.826969e+01 -4.666740e+00  1.000000e+00  0.000e+00  0.000e+00  1.000e+01 -4.793885e-01  5.979829e-01  6.423420e-01 -7.211984e+00  2.865229e+01  <samplecontainer>  <PE>  <BSE> 
    205      10  2.724638e+00  2.724638e+00  6.992e-06 -1.564988e+01 -1.863104e+00  1.000000e+00 -1.644e+01 -1.433e+00 -2.624e+00  2.171563e-01 -5.179233e-01  8.274047e-01 -2.624483e+00  1.730062e+01  <LogSample>  <DielIoni>  <SE> 
    207       1  8.760227e+02  8.760227e+02  2.247e-06 -4.819571e+00  1.083122e+01  1.000000e+00  0.000e+00  0.000e+00  1.000e+01 -3.135632e-02  4.635550e-01  8.855132e-01 -1.336831e+01  1.185511e+01  <samplecontainer>  <PE>  <BSE> 
    211       1  8.329832e+02  8.329832e+02  1.967e-06  1.254640e+01 -4.055907e+00  1.000000e+00  0.000e+00  0.000e+00  1.000e+01  2.054818e-01 -3.924789e-01  8.965141e-01 -9.477617e+00  1.318569e+01  <samplecontainer>  <PE>  <BSE> 
    211       3  5.780013e+00  5.780013e+00  2.179e-06  5.625367e-01  1.172516e-01  1.000000e+00 -3.919e-04  1.268e-02 -1.161e+00  5.440418e-01  3.425408e-01  7.659532e-01 -1.160569e+00  6.124519e-01  <LogSample>  <DielIoni>  <SE> 
    212       2  1.314151e+01  1.314151e+01  1.691e-06 -1.098233e+00  8.478507e-01  1.000000e+00  0.000e+00  1.087e-02 -8.620e-01 -3.813070e-01  5.300499e-01  7.573982e-01 -8.620060e-01  1.387432e+00  <LogSample>  <DielIoni>  <SE> 
    215      39  2.913287e+00  2.913287e+00  4.619e-05  3.704622e+00 -1.171515e+00  1.000000e+00  1.329e+00  4.335e+00 -8.424e+00 -1.339413e-01  5.827200e-01  8.015592e-01 -8.423984e+00  6.077082e+00  <LogSample>  <DielIoni>  <SE> 
    216       3  3.202564e+00  3.202564e+00  2.657e-06  3.904244e-01 -1.064125e+00  1.000000e+00  1.179e-03  9.814e-03 -4.222e-01  4.092210e-01 -5.786488e-01  7.054812e-01 -4.323760e-01  1.133487e+00  <LogSample>  <DielIoni>  <SE> 
    219       1  4.506807e+02  4.506807e+02  2.882e-06  1.954634e+01  2.848242e+00  1.000000e+00  0.000e+00  0.000e+00  1.000e+01  7.010775e-01  6.423984e-01  3.095394e-01 -6.220749e+00  1.975277e+01  <samplecontainer>  <PE>  <BSE> 
    223       5  4.306484e+00  4.306484e+00  2.636e-05 -1.096509e+01 -2.222179e+00  1.000000e+00 -2.191e+00 -3.092e+00 -2.755e+00 -9.008638e-01 -5.817112e-02  4.301867e-01 -4.424062e+00  1.118800e+01  <LogSample>  <DielIoni>  <SE> 
    224       2  3.883116e+00  3.883116e+00  8.692e-06 -2.152473e+00  2.327353e+00  1.000000e+00  0.000e+00  1.123e-02 -1.226e+00 -5.082494e-01  1.613756e-01  8.459553e-01 -1.225585e+00  3.170128e+00  <LogSample>  <DielIoni>  <SE> 
    229       1  9.704483e+02  9.704483e+02  1.580e-06  1.053024e+00  7.520870e+00  1.000000e+00  0.000e+00  0.000e+00  1.000e+01  3.226053e-01 -8.966979e-02  9.422766e-01 -8.568105e+00  7.679893e+00  <samplecontainer>  <PE>  <BSE> 
    232       3  5.964204e+00  5.964204e+00  2.030e-06 -7.733621e-02 -7.066965e-01  1.000000e+00  7.334e-02 -8.067e-02 -7.528e-01 -8.789662e-02 -3.607363e-01  9.285168e-01 -8.704147e-01  7.109155e-01  <LogSample>  <DielIoni>  <SE> 
    237      68  1.821741e+00  1.821741e+00  2.006e-05  5.125795e+00 -1.216360e+00  1.000000e+00  3.521e-01 -7.809e-01 -3.893e+00  3.182335e-01  2.412264e-01  9.168082e-01 -3.893230e+00  5.458543e+00  <LogSample>  <DielIoni>  <SE> 
    239       1  4.795818e+02  4.795818e+02  1.813e-06  3.213678e+00  5.615180e-01  1.000000e+00  0.000e+00  0.000e+00  1.000e+01 -8.167560e-01  2.153341e-01  5.352951e-01 -5.734173e+00  5.776319e+00  <samplecontainer>  <PE>  <BSE> 
    239      30  3.716146e+00  3.716146e+00  1.016e-05  5.071760e+00  1.655734e+00  1.000000e+00  4.840e+00  2.118e+00 -2.530e+00  2.021809e-01  2.497759e-01  9.469608e-01 -2.530014e+00  5.335186e+00  <LogSample>  <DielIoni>  <SE> 
    243       1  6.374717e+02  6.374717e+02  1.703e-06  3.567712e+00  6.212427e+00  1.000000e+00  0.000e+00  0.000e+00  1.000e+01  7.607096e-02  2.068682e-01  9.754070e-01 -7.915045e+00  7.163995e+00  <samplecontainer>  <PE>  <BSE> 
    246       3  1.377912e+01  1.377912e+01  6.809e-06 -1.716911e-01 -3.090979e+00  1.000000e+00 -1.197e-01 -8.190e-02 -2.881e+00  7.549250e-02 -2.439008e-01  9.668574e-01 -2.971681e+00  3.095744e+00  <LogSample>  <DielIoni>  <SE> 
    247       4  1.803934e+00  1.803934e+00  3.336e-05 -5.973530e+00 -5.022322e+00  1.000000e+00  2.405e-01 -1.158e-01 -3.498e+00 -8.286822e-01 -1.917172e-01  5.258616e-01 -3.890665e+00  7.804280e+00  <LogSample>  <DielIoni>  <SE> 
    248       1  8.897036e+02  8.897036e+02  2.823e-06  4.127363e+00 -2.201697e+01  1.000000e+00  0.000e+00  0.000e+00  1.000e+01  2.199542e-01 -5.633099e-01  7.964308e-01 -1.548778e+01  2.240049e+01  <samplecontainer>  <PE>  <BSE> 
    250       3  2.448362e+00  2.448362e+00  1.112e-05 -3.928726e-01 -2.374719e+00  1.000000e+00 -1.140e-01 -3.499e-01 -1.089e+00  6.894444e-01  1.605180e-01  7.063288e-01 -1.499106e+00  2.985093e+00  <LogSample>  <DielIoni>  <SE> 
    254      69  3.672472e+00  3.672472e+00  2.290e-06 -9.466442e-01  1.573298e-01  1.000000e+00 -1.555e-02  1.118e-01 -1.805e-01 -4.186176e-01 -4.954104e-01  7.611359e-01 -4.465612e-01  9.596291e-01  <LogSample>  <DielIoni>  <SE> 
    257       1  3.430416e+02  3.430416e+02  1.822e-06 -1.549553e+01  3.963310e+00  1.000000e+00  0.000e+00  0.000e+00  1.000e+01 -2.834583e-01  2.947847e-01  9.125532e-01 -5.261243e+00  1.599435e+01  <samplecontainer>  <PE>  <BSE> 
    257      14  5.218453e+00  5.218453e+00  2.868e-06 -1.266628e+01  3.072347e+00  1.000000e+00 -1.272e+01  2.876e+00 -3.705e-01 -9.799384e-02  3.249659e-01  9.406351e-01 -3.705267e-01  1.303944e+01  <LogSample>  <DielIoni>  <SE> 
    260       8  5.842139e+00  5.842139e+00  1.260e-05 -1.791540e+00 -1.317319e+00  1.000000e+00 -2.785e-01 -9.802e-01 -3.198e+00  1.896700e-01 -5.758038e-01  7.952831e-01 -3.609062e+00  2.223723e+00  <LogSample>  <DielIoni>  <SE> 
    260      66  1.314588e+01  1.314588e+01  3.989e-06 -4.382544e-01  1.892553e+00  1.000000e+00 -2.893e-01 -4.285e-02 -1.844e+00  5.838138e-01  4.394892e-01  6.826498e-01 -1.844339e+00  2.103679e+00  <LogSample>  <DielIoni>  <SE> 
    261       2  6.572206e+00  6.572206e+00  2.547e-06 -4.024184e-01 -1.779845e-01  1.000000e+00  0.000e+00  1.051e-02 -5.046e-01  5.742878e-01 -4.732058e-01  6.680343e-01 -5.275080e-01  1.434681e+00  <LogSample>  <DielIoni>  <SE> 
    265       1  1.220857e+03  1.220857e+03  7.176e-07  4.183767e-01 -4.318099e-01  1.000000e+00  0.000e+00  0.000e+00  1.000e+01  3.878251e-01 -2.398203e-01  8.899876e-01 -1.479960e+00  6.741390e-01  <samplecontainer>  <PE>  <BSE> 
    267       1  7.500876e+02  7.500876e+02  2.060e-06  6.497404e+00  1.268576e+01  1.000000e+00  0.000e+00  0.000e+00  1.000e+01 -9.628681e-02 -6.650999e-01  7.405207e-01 -3.727267e+00  1.734663e+01  <samplecontainer>  <PE>  <BSE> 
    268      23  1.642970e+01  1.642970e+01  3.959e-06 -4.517372e+00  8.687485e+00  1.000000e+00 -2.872e+00  8.704e+00 -1.301e+00 -8.831602e-01 -6.687168e-02  4.642804e-01 -1.300989e+00  9.791784e+00  <LogSample>  <DielIoni>  <SE> 
    268      37  1.161973e+00  1.161973e+00  3.310e-05 -3.408205e+00  1.586586e+01  1.000000e+00 -4.498e+00  7.915e+00 -1.440e+00  3.057987e-01  6.005234e-01  7.388226e-01 -2.807924e+00  1.622779e+01  <LogSample>  <DielIoni>  <SE> 
    268      18  2.169843e+02  2.169843e+02  1.675e-06 -4.794031e+00  7.577637e+00  1.000000e+00 -3.777e+00  6.195e+00 -1.410e-01 -4.949562e-01  6.729495e-01  5.496884e-01 -1.410416e-01  8.966789e+00  <LogSample>  <DielIoni>  <BSE> 
    268      17  1.374301e+02  1.374301e+02  1.797e-06 -3.662689e+00  3.910142e+00  1.000000e+00 -3.714e+00  6.169e+00 -1.309e-01  2.050212e-02 -8.976747e-01  4.401815e-01 -1.308521e-01  7.201099e+00  <LogSample>  <DielIoni>  <BSE> 
    268      16  9.081000e+01  9.081000e+01  1.924e-06 -1.232838e+00  5.633058e+00  1.000000e+00 -3.714e+00  6.169e+00 -1.309e-01  8.974759e-01 -1.939348e-01  3.961392e-01 -1.308521e-01  7.201099e+00  <LogSample>  <DielIoni>  <BSE> 
    268      40  6.146640e+00  6.146640e+00  3.727e-06 -3.752275e+00  8.966856e+00  1.000000e+00 -2.672e+00  6.230e+00 -2.955e-01 -2.748164e-01  9.066510e-01  3.200936e-01 -2.954702e-01  9.720292e+00  <LogSample>  <DielIoni>  <SE> 
    272      64  5.516535e+00  5.516535e+00  1.109e-05 -5.977080e-01  3.906315e-01  1.000000e+00 -6.279e-01  9.078e-01 -4.554e+00  1.788947e-01 -5.397438e-01  8.226016e-01 -4.554496e+00  2.977815e+00  <LogSample>  <DielIoni>  <SE> 
    277      50  1.192402e+00  1.192402e+00  7.002e-05  7.076040e+00  1.224910e+00  1.000000e+00  9.161e+00 -3.594e+00 -6.015e+00 -8.009088e-01 -3.644238e-01  4.751214e-01 -6.028411e+00  9.840522e+00  <LogSample>  <DielIoni>  <SE> 
    278       1  1.002174e+03  1.002174e+03  1.804e-06 -8.417319e+00 -1.685278e+00  1.000000e+00  0.000e+00  0.000e+00  1.000e+01 -9.490299e-01 -2.900013e-01  1.234565e-01 -4.559310e+00  8.584371e+00  <samplecontainer>  <PE>  <BSE> 
    279       2  8.648576e+00  8.648576e+00  1.744e-06  2.905933e-01 -5.491770e-01  1.000000e+00  0.000e+00  1.040e-02 -3.935e-01  2.265523e-01 -5.629550e-01  7.948306e-01 -5.354834e-01  6.213210e-01  <LogSample>  <DielIoni>  <SE> 
    282       1  1.136575e+03  1.136575e+03  9.695e-07 -3.660732e+00  7.077159e-01  1.000000e+00  0.000e+00  0.000e+00  1.000e+01 -6.132341e-01  1.407529e-01  7.772597e-01 -3.479474e+00  3.728514e+00  <samplecontainer>  <PE>  <BSE> 
    284      68  6.855944e+00  6.855944e+00  5.472e-06  2.301694e+00  5.151676e-01  1.000000e+00  3.347e-01 -1.063e-02 -9.532e-01  3.426509e-01  4.618898e-01  8.180759e-01 -9.531591e-01  2.358642e+00  <LogSample>  <DielIoni>  <SE> 
    286       1  7.416352e+02  7.416352e+02  1.815e-06  4.763137e+00  1.931461e+01  1.000000e+00  0.000e+00  0.000e+00  1.000e+01 -1.276761e-01  8.506742e-01  5.099532e-01 -3.150660e+00  1.989326e+01  <samplecontainer>  <PE>  <BSE> 
    286      11  1.581427e+01  1.581427e+01  1.164e-05  1.255492e+00  1.669535e+01  1.000000e+00  5.297e+00  1.579e+01 -7.358e-01  4.035988e-01  6.280012e-01  6.653740e-01 -3.154863e+00  1.782925e+01  <LogSample>  <DielIoni>  <SE> 
    286      22  2.149918e+00  2.149918e+00  2.245e-05 -3.202099e-01  1.744403e+01  1.000000e+00  3.182e+00  1.540e+01 -3.124e+00 -2.319494e-01 -2.256073e-01  9.462034e-01 -3.123662e+00  1.778425e+01  <LogSample>  <DielIoni>  <SE> 
    286      18  4.560710e+00  4.560710e+00  1.703e-05  1.616068e+00  1.512830e+01  1.000000e+00  4.188e+00  1.472e+01 -2.605e+00  3.116748e-01 -7.601105e-01  5.701674e-01 -2.651406e+00  1.705333e+01  <LogSample>  <DielIoni>  <SE> 
    286      29  4.638084e+00  4.638084e+00  6.465e-06  8.970027e+00  1.363182e+01  1.000000e+00  5.449e+00  1.558e+01 -1.004e+00  7.495409e-01 -2.559860e-01  6.104585e-01 -1.003624e+00  1.657773e+01  <LogSample>  <DielIoni>  <SE> 
    286      26  1.095660e+00  1.095660e+00  6.479e-06  2.488469e+00  1.440504e+01  1.000000e+00  5.251e+00  1.575e+01 -7.801e-01 -7.782333e-01 -3.330878e-01  5.323583e-01 -1.341652e+00  1.684519e+01  <LogSample>  <DielIoni>  <SE> 
    286       3  3.192492e+00  3.192492e+00  2.784e-05  3.734151e+00  5.605244e+00  1.000000e+00 -8.138e-01  3.186e+00 -2.955e+00  6.552395e-01  6.026076e-01  4.555495e-01 -5.309276e+00  6.735179e+00  <LogSample>  <DielIoni>  <SE> 
    287       1  7.222717e+02  7.222717e+02  1.789e-06 -7.369695e+00  3.137170e+00  1.000000e+00  0.000e+00  0.000e+00  1.000e+01 -8.652629e-01  4.606963e-01  1.976843e-01 -3.810287e+00  8.009634e+00  <samplecontainer>  <PE>  <BSE> 
    287      22  6.232317e+00  6.232317e+00  4.908e-06 -3.233354e+00 -1.789502e+00  1.000000e+00 -2.257e+00  4.700e-02 -3.267e+00 -3.230033e-01 -1.199610e-01  9.387642e-01 -3.266715e+00  3.695524e+00  <LogSample>  <DielIoni>  <SE> 
    288       2  7.947817e+00  7.947817e+00  2.397e-06  2.081471e-02  3.111910e-01  1.000000e+00 -1.003e-02  2.159e-02 -1.242e+00  2.332634e-01  4.919076e-01  8.388177e-01 -1.242092e+00  4.974838e-01  <LogSample>  <DielIoni>  <SE> 
    289      37  1.268236e+00  1.268236e+00  1.596e-05 -1.069437e+01 -1.311969e+01  1.000000e+00 -1.193e+01 -1.123e+01 -3.574e+00  4.436850e-02 -3.673072e-01  9.290408e-01 -3.574434e+00  1.757266e+01  <LogSample>  <DielIoni>  <SE> 
    290       2  6.416157e+00  6.416157e+00  5.067e-06 -1.075392e+00 -5.277207e-01  1.000000e+00  0.000e+00  1.097e-02 -9.639e-01 -8.194327e-01 -1.757707e-01  5.455591e-01 -1.133769e+00  1.197897e+00  <LogSample>  <DielIoni>  <SE> 
    292       2  6.661651e+00  6.661651e+00  1.809e-06  1.314594e+00 -7.407454e-01  1.000000e+00  0.000e+00  1.017e-02 -1.616e-01  7.179192e-01 -4.340700e-01  5.442198e-01 -1.615956e-01  1.508927e+00  <LogSample>  <DielIoni>  <SE> 
    293      23  5.081604e+00  5.081604e+00  1.075e-05 -3.455346e+01  1.145133e+01  1.000000e+00 -3.560e+01  8.891e+00 -1.486e+00  1.276039e-01  7.801718e-01  6.124126e-01 -1.485934e+00  3.676168e+01  <LogSample>  <DielIoni>  <SE> 
    293      44  9.040140e+00  9.040140e+00  6.911e-06 -3.365509e+01  8.472663e+00  1.000000e+00 -3.423e+01  8.047e+00 -1.474e+00  5.875939e-01 -3.955189e-01  7.059024e-01 -1.491826e+00  3.629697e+01  <LogSample>  <DielIoni>  <SE> 
    294       1  1.018998e+03  1.018998e+03  1.521e-06  3.348386e+00 -8.480531e+00  1.000000e+00  0.000e+00  0.000e+00  1.000e+01  5.644720e-01 -5.204088e-01  6.407387e-01 -6.335197e+00  9.117625e+00  <samplecontainer>  <PE>  <BSE> 
    295       1  6.584354e+02  6.584354e+02  1.647e-06 -8.408023e-01  1.207856e+01  1.000000e+00  0.000e+00  0.000e+00  1.000e+01  1.033265e-01  8.834435e-01  4.570025e-01 -5.067466e+00  1.210779e+01  <samplecontainer>  <PE>  <BSE> 
    295      11  5.496962e+00  5.496962e+00  7.392e-06  2.518233e+00  5.410024e+00  1.000000e+00 -9.054e-01  6.088e+00 -2.401e+00  8.400410e-01  4.372011e-01  3.212262e-01 -2.401235e+00  6.155318e+00  <LogSample>  <DielIoni>  <SE> 
    298       1  1.249905e+03  1.249905e+03  8.752e-07 -5.044204e+00 -2.491947e+00  1.000000e+00  0.000e+00  0.000e+00  1.000e+01 -6.193659e-01 -7.349439e-01  2.761220e-01 -9.657567e-01  5.626170e+00  <samplecontainer>  <PE>  <BSE> 
    299      66  6.622806e-01  6.622806e-01  6.088e-05 -2.594342e+00  9.214485e-01  1.000000e+00  3.267e+00 -3.228e+00 -6.732e+00 -3.777412e-01  2.599347e-01  8.886763e-01 -1.017768e+01  4.593118e+00  <LogSample>  <DielIoni>  <SE> 
    299      48  3.670452e+00  3.670452e+00  1.861e-05  2.955734e+00 -1.659902e+00  1.000000e+00  1.074e+00  3.935e-01 -4.072e+00  6.743039e-01  1.303047e-01  7.268666e-01 -4.509957e+00  3.389932e+00  <LogSample>  <DielIoni>  <SE> 
    300       2  3.349133e+00  3.349133e+00  5.936e-06  1.301350e+00  9.931979e-01  1.000000e+00  0.000e+00  1.059e-02 -5.856e-01 -2.784810e-01 -1.186731e-01  9.530819e-01 -9.830734e-01  1.987673e+00  <LogSample>  <DielIoni>  <SE> 
    305       2  8.363040e+00  8.363040e+00  2.071e-06 -1.176355e+00  9.532284e-01  1.000000e+00  0.000e+00  1.047e-02 -4.656e-01 -5.972085e-01  5.802859e-02  7.999842e-01 -5.586089e-01  1.514085e+00  <LogSample>  <DielIoni>  <SE> 
    308       2  1.815613e+01  1.815613e+01  2.738e-06 -3.725786e-01 -5.633967e-03  1.000000e+00  0.000e+00  1.053e-02 -5.268e-01  4.398504e-03 -6.248293e-02  9.980363e-01 -8.124834e-01  3.842504e-01  <LogSample>  <DielIoni>  <SE> 
    313       1  1.144741e+03  1.144741e+03  9.846e-07  2.933736e+00  2.865508e+00  1.000000e+00  0.000e+00  0.000e+00  1.000e+01  3.927859e-01  7.130752e-01  5.807262e-01 -3.216159e+00  4.100969e+00  <samplecontainer>  <PE>  <BSE> 
    314       1  9.822324e+02  9.822324e+02  1.503e-06 -3.079756e+00 -5.526043e+00  1.000000e+00  0.000e+00  0.000e+00  1.000e+01 -9.537128e-02 -6.420986e-01  7.606666e-01 -6.554624e+00  6.326298e+00  <samplecontainer>  <PE>  <BSE> 
    314       2  4.411434e+00  4.411434e+00  9.922e-06 -3.379577e+00 -5.419931e-01  1.000000e+00  0.000e+00  1.112e-02 -1.118e+00 -9.130871e-01 -1.218626e-01  3.891291e-01 -2.127650e+00  3.422761e+00  <LogSample>  <DielIoni>  <SE> 
    316       1  1.142451e+03  1.142451e+03  7.926e-07  3.648221e+00 -5.424210e-01  1.000000e+00  0.000e+00  0.000e+00  1.000e+01  8.196962e-01 -1.020903e-01  5.636273e-01 -1.616710e+00  3.688325e+00  <samplecontainer>  <PE>  <BSE> 
    316       5  2.963286e+00  2.963286e+00  2.484e-06  1.567867e+00  3.488648e-01  1.000000e+00  1.465e+00 -2.865e-01 -6.692e-01  4.361862e-01  2.215522e-01  8.721561e-01 -8.284922e-01  1.606211e+00  <LogSample>  <DielIoni>  <SE> 
    316       4  3.089354e+00  3.089354e+00  3.931e-06  1.452473e+00  6.260309e-02  1.000000e+00  9.479e-01 -1.408e-01 -1.190e+00  5.852963e-01  5.287033e-01  6.147366e-01 -1.190243e+00  1.453822e+00  <LogSample>  <DielIoni>  <SE> 
    318       1  7.072026e+02  7.072026e+02  3.090e-06 -1.568602e+01 -2.046071e+00  1.000000e+00  0.000e+00  0.000e+00  1.000e+01 -8.340234e-01 -2.713927e-02  5.510612e-01 -8.823085e+00  1.581890e+01  <samplecontainer>  <PE>  <BSE> 
    318       2  7.484974e+00  7.484974e+00  1.574e-06 -2.986557e-01  6.003556e-01  1.000000e+00  4.315e-02  2.492e-02 -5.916e-01 -1.383051e-01  4.435991e-01  8.854894e-01 -7.088516e-01  6.705387e-01  <LogSample>  <DielIoni>  <SE> 
    318      26  6.494305e+00  6.494305e+00  2.019e-06  4.515838e-01 -7.902191e-01  1.000000e+00  2.188e-03  1.406e-02 -6.160e-01  3.159801e-01 -2.088544e-01  9.254926e-01 -6.159878e-01  9.101506e-01  <LogSample>  <DielIoni>  <SE> 
    321       1  8.406960e+00  8.406960e+00  5.024e-06 -5.489536e+00  9.044356e+00  1.000000e+00  0.000e+00  0.000e+00  1.000e+01 -2.891580e-01 -5.517233e-01  7.822973e-01 -8.670125e+00  1.443986e+01  <samplecontainer>  <PE>  <SE> 
    321      42  6.030981e+00  6.030981e+00  9.841e-06 -8.601931e+00  8.636586e+00  1.000000e+00 -4.501e+00  1.046e+01 -1.201e+00 -9.166580e-01 -2.715989e-02  3.987486e-01 -1.320452e+00  1.218950e+01  <LogSample>  <DielIoni>  <SE> 
    321      31  6.989141e+00  6.989141e+00  8.671e-06 -2.444930e-01  1.240511e+01  1.000000e+00 -1.012e+00  1.189e+01 -1.136e+00 -5.665564e-01 -4.115779e-01  7.138750e-01 -1.135585e+00  1.333572e+01  <LogSample>  <DielIoni>  <SE> 
    321      28  1.929989e+00  1.929989e+00  5.738e-06  3.896368e-01  1.358916e+01  1.000000e+00 -5.656e-01  1.219e+01 -9.279e-01  1.913517e-01  5.547436e-01  8.097185e-01 -9.279207e-01  1.359474e+01  <LogSample>  <DielIoni>  <SE> 
    321      27  3.241630e+00  3.241630e+00  7.541e-06  2.141649e+00  1.090824e+01  1.000000e+00 -5.408e-02  1.247e+01 -9.120e-01  5.712897e-01 -4.821674e-01  6.641858e-01 -1.158436e+00  1.257884e+01  <LogSample>  <DielIoni>  <SE> 
    321      22  5.167595e+00  5.167595e+00  1.287e-05 -1.001476e-01  1.133413e+01  1.000000e+00  2.702e+00  1.356e+01 -2.003e+00 -4.847137e-01 -5.629038e-01  6.694713e-01 -3.314989e+00  1.457895e+01  <LogSample>  <DielIoni>  <SE> 
    323      38  1.391773e+00  1.391773e+00  3.323e-05 -7.254262e+00 -6.546524e+00  1.000000e+00 -4.458e+00 -3.540e+00 -7.066e+00 -4.269997e-01  1.241883e-01  8.956833e-01 -7.451227e+00  1.013658e+01  <LogSample>  <DielIoni>  <SE> 
    325       1  6.793586e+02  6.793586e+02  3.516e-06 -3.166046e+01 -9.130555e+00  1.000000e+00  0.000e+00  0.000e+00  1.000e+01 -7.956264e-01  8.978031e-02  5.990977e-01 -1.337388e+01  3.295075e+01  <samplecontainer>  <PE>  <BSE> 
    325      26  6.044960e+00  6.044960e+00  6.669e-06 -3.009668e+01 -9.349061e+00  1.000000e+00 -3.026e+01 -9.287e+00 -4.986e-02 -4.903880e-01  2.700290e-01  8.286157e-01 -1.299479e+00  3.229539e+01  <LogSample>  <DielIoni>  <SE> 
    326       1  4.045807e+02  4.045807e+02  3.372e-06  1.196586e+01 -1.341185e+01  1.000000e+00  0.000e+00  0.000e+00  1.000e+01 -8.226319e-02 -1.918241e-01  9.779756e-01 -1.966587e+01  1.797386e+01  <samplecontainer>  <PE>  <BSE> 
    328       1  1.173813e+03  1.173813e+03  8.198e-07  3.571351e+00  7.475602e-01  1.000000e+00  0.000e+00  0.000e+00  1.000e+01  7.136833e-01  3.948463e-01  5.785780e-01 -1.433896e+00  3.648752e+00  <samplecontainer>  <PE>  <BSE> 
    331       1  2.353144e+02  2.353144e+02  3.813e-06 -9.206622e+00 -9.049988e+00  1.000000e+00  0.000e+00  0.000e+00  1.000e+01  1.860203e-01 -9.672059e-01  1.729427e-01 -1.515447e+01  1.305075e+01  <samplecontainer>  <PE>  <BSE> 
    331      28  9.701883e+00  9.701883e+00  4.362e-06 -8.534880e+00 -2.586807e+00  1.000000e+00 -1.046e+01 -2.538e+00 -2.763e-01  8.805222e-01 -7.069277e-02  4.687038e-01 -2.763388e-01  1.080659e+01  <LogSample>  <DielIoni>  <SE> 
    331       2  1.955286e+01  1.955286e+01  1.387e-06  7.667336e-01  5.474794e-01  1.000000e+00  0.000e+00  1.043e-02 -4.198e-01  5.939568e-01  3.353618e-01  7.312645e-01 -4.197639e-01  9.421328e-01  <LogSample>  <DielIoni>  <SE> 
    332       1  8.500020e+02  8.500020e+02  2.218e-06 -2.717468e+00  1.384405e+01  1.000000e+00  0.000e+00  0.000e+00  1.000e+01 -5.516720e-01  7.203589e-01  4.204060e-01 -9.305836e+00  1.410823e+01  <samplecontainer>  <PE>  <BSE> 
    332      11  7.767707e+00  7.767707e+00  3.652e-06  5.660623e-01  1.062243e+01  1.000000e+00 -1.355e+00  1.207e+01 -3.976e-02  7.369781e-01 -5.534268e-01  3.880490e-01 -3.976072e-02  1.214099e+01  <LogSample>  <DielIoni>  <SE> 
    332      22  7.673012e+00  7.673012e+00  2.866e-06  3.663316e-01 -1.329064e+00  1.000000e+00  5.739e-01 -5.246e-01 -8.738e-01 -3.774744e-01 -6.120970e-01  6.948743e-01 -8.737951e-01  1.378626e+00  <LogSample>  <DielIoni>  <SE> 
    339      16  4.068574e+00  4.068574e+00  1.900e-05 -1.893010e+00 -1.985129e+01  1.000000e+00 -6.831e+00 -1.823e+01 -1.645e+00 -2.390359e-01 -5.092792e-01  8.267385e-01 -2.494110e+00  1.994135e+01  <LogSample>  <DielIoni>  <SE> 
    339       5  3.681523e+02  3.681523e+02  1.415e-06 -8.586758e+00 -1.053220e+01  1.000000e+00 -7.190e+00 -9.905e+00 -1.039e+00 -5.519477e-01 -1.930943e-01  8.112141e-01 -1.038530e+00  1.358896e+01  <LogSample>  <DielIoni>  <BSE> 
    342       1  1.198343e+03  1.198343e+03  8.479e-07 -4.526636e+00 -1.431561e+00  1.000000e+00  0.000e+00  0.000e+00  1.000e+01 -8.211074e-01 -2.313063e-01  5.218046e-01 -2.021610e+00  4.747610e+00  <samplecontainer>  <PE>  <BSE> 
    343       2  2.795722e+00  2.795722e+00  6.888e-06  2.046110e+00  1.892266e+00  1.000000e+00  0.000e+00  1.228e-02 -2.276e+00 -8.301199e-02  4.159882e-01  9.055732e-01 -2.275624e+00  2.786976e+00  <LogSample>  <DielIoni>  <SE> 
    346       4  1.629163e+00  1.629163e+00  4.942e-05 -5.327380e+00  5.526703e-01  1.000000e+00 -6.102e-01 -2.348e-01 -3.800e+00  3.439449e-01 -7.269719e-01  5.943179e-01 -4.811174e+00  6.220483e+00  <LogSample>  <DielIoni>  <SE> 
    347       2  3.386413e+00  3.386413e+00  1.011e-05 -2.200684e+00 -4.647000e-01  1.000000e+00  6.648e-04  1.117e-02 -1.255e+00 -2.563029e-01 -2.072742e-02  9.663743e-01 -1.897225e+00  2.249212e+00  <LogSample>  <DielIoni>  <SE> 
    348      52  1.615858e+00  1.615858e+00  2.105e-05  2.274493e+00 -3.607825e+01  1.000000e+00  2.874e+00 -3.096e+01 -3.347e+00  6.210018e-01 -4.782928e-01  6.209612e-01 -3.346601e+00  3.614988e+01  <LogSample>  <DielIoni>  <SE> 
    348      51  6.583216e+00  6.583216e+00  7.614e-06  8.781622e-02 -3.149108e+01  1.000000e+00  2.856e+00 -3.092e+01 -3.392e+00 -4.285845e-01  3.537801e-01  8.313573e-01 -3.392419e+00  3.226162e+01  <LogSample>  <DielIoni>  <SE> 
    348      14  4.127165e+00  4.127165e+00  6.248e-06  3.862290e+00 -2.769154e+01  1.000000e+00  4.702e+00 -2.498e+01 -1.043e+00  3.378574e-01 -8.212083e-01  4.598580e-01 -1.471749e+00  2.795959e+01  <LogSample>  <DielIoni>  <SE> 
    348       7  1.188969e+00  1.188969e+00  2.909e-05  8.612571e+00 -6.898089e+00  1.000000e+00  6.275e+00 -6.914e+00 -3.459e+00  4.571195e-01  2.265945e-01  8.600562e-01 -3.676166e+00  1.103449e+01  <LogSample>  <DielIoni>  <SE> 
    349       2  6.164342e+00  6.164342e+00  3.331e-06  2.576421e+00  4.699640e-01  1.000000e+00  0.000e+00  1.002e-02 -1.130e-02  7.059532e-01 -1.578761e-01  6.904384e-01 -4.875421e-01  2.618933e+00  <LogSample>  <DielIoni>  <SE> 
    351      55  3.120928e+00  3.120928e+00  2.539e-05  5.467905e+00 -1.125660e+01  1.000000e+00  7.813e+00 -1.195e+01 -6.339e+00  1.043348e-01  8.031501e-01  5.865699e-01 -6.339201e+00  1.427622e+01  <LogSample>  <DielIoni>  <SE> 
    352       2  3.592126e+00  3.592126e+00  9.897e-06 -8.661072e-01  8.056333e-01  1.000000e+00  2.318e-03 -5.612e-02 -6.897e-01 -1.608068e-01  5.410172e-01  8.254948e-01 -1.350218e+00  1.284629e+00  <LogSample>  <DielIoni>  <SE> 
    355       5  1.044477e+00  1.044477e+00  6.212e-05  2.578567e+00  2.716092e-02  1.000000e+00 -5.155e+00  2.061e-01 -1.125e+01  9.439794e-01 -2.953719e-01  1.471675e-01 -1.125249e+01  1.000864e+01  <LogSample>  <DielIoni>  <SE> 
    358      13  4.316269e+00  4.316269e+00  3.110e-05  1.685077e+01  1.888990e+01  1.000000e+00  1.227e+01  1.412e+01 -6.013e+00  7.534293e-01  6.066111e-01  2.537070e-01 -6.538427e+00  2.531357e+01  <LogSample>  <DielIoni>  <SE> 
    358       6  4.825602e+00  4.825602e+00  9.393e-06  5.818310e+00  6.898139e+00  1.000000e+00  6.629e+00  5.404e+00 -3.903e+00 -7.958995e-01 -7.378695e-03  6.053838e-01 -3.902620e+00  1.000210e+01  <LogSample>  <DielIoni>  <SE> 
    362       3  4.508620e+00  4.508620e+00  2.737e-05 -1.707655e+00  3.691767e+00  1.000000e+00  8.987e-03  4.019e-02 -1.314e+00 -3.597010e-01  6.479561e-01  6.713927e-01 -3.313897e+00  4.074774e+00  <LogSample>  <DielIoni>  <SE> 
    365       1  7.521201e+02  7.521201e+02  1.621e-06 -4.751247e-01 -1.995468e+01  1.000000e+00  0.000e+00  0.000e+00  1.000e+01 -2.004568e-02 -7.432942e-01  6.686642e-01 -2.412758e+00  1.996033e+01  <samplecontainer>  <PE>  <BSE> 
    365       8  1.514029e+01  1.514029e+01  5.968e-06 -3.830642e-01 -1.846480e+01  1.000000e+00 -4.574e-01 -1.559e+01 -1.677e+00  2.773519e-01 -8.918966e-01  3.572063e-01 -1.676981e+00  1.846877e+01  <LogSample>  <DielIoni>  <SE> 
    365      22  6.689042e+00  6.689042e+00  4.940e-06 -1.468149e-01 -1.410154e+01  1.000000e+00 -4.028e-01 -1.372e+01 -2.615e+00  2.451665e-01  1.836934e-01  9.519192e-01 -2.614819e+00  1.447750e+01  <LogSample>  <DielIoni>  <SE> 
    365       2  7.215538e+01  7.215538e+01  1.783e-06 -6.341269e+00  5.179624e-01  1.000000e+00 -2.475e-02 -3.385e-01 -2.575e-02 -9.797118e-01  1.239588e-01  1.574771e-01 -3.755675e-02  6.362387e+00  <LogSample>  <DielIoni>  <BSE> 
    367       2  2.493648e+00  2.493648e+00  1.208e-05 -1.276995e+00  9.913726e-01  1.000000e+00  6.917e-02 -2.597e-01 -1.996e+00  2.188436e-01 -1.198138e-01  9.683760e-01 -2.118994e+00  1.921562e+00  <LogSample>  <DielIoni>  <SE> 
    369      64  3.104237e+00  3.104237e+00  2.331e-05 -1.677325e+00  2.664917e+00  1.000000e+00  1.082e+00  2.915e+00 -9.469e-01  3.759966e-01 -3.610565e-01  8.533843e-01 -2.584105e+00  5.281025e+00  <LogSample>  <DielIoni>  <SE> 
    370       1  5.047657e+02  5.047657e+02  2.371e-06 -1.522619e+01 -9.636121e+00  1.000000e+00  0.000e+00  0.000e+00  1.000e+01  2.695275e-01 -3.685293e-02  9.622873e-01 -7.691457e+00  1.825307e+01  <samplecontainer>  <PE>  <BSE> 
    370      14  7.126661e+00  7.126661e+00  6.817e-06 -1.140927e+01 -9.146315e+00  1.000000e+00 -1.207e+01 -7.879e+00 -1.003e+00  4.980350e-01  4.871237e-01  7.174061e-01 -1.153227e+00  1.569632e+01  <LogSample>  <DielIoni>  <SE> 
    370      20  5.625107e+00  5.625107e+00  6.112e-06 -9.582631e+00 -4.255872e+00  1.000000e+00 -1.101e+01 -5.867e+00 -1.525e+00  5.695801e-01  3.077870e-01  7.621323e-01 -2.117203e+00  1.247638e+01  <LogSample>  <DielIoni>  <SE> 
    372       1  1.148888e+03  1.148888e+03  9.615e-07  3.778039e+00  7.284370e-01  1.000000e+00  0.000e+00  0.000e+00  1.000e+01  7.346699e-01  1.583989e-01  6.596741e-01 -3.678900e+00  3.847623e+00  <samplecontainer>  <PE>  <BSE> 
    372       5  7.337990e+00  7.337990e+00  9.714e-06 -5.946652e-01  1.085575e+00  1.000000e+00  1.176e+00  9.011e-02 -1.797e+00 -1.857389e-02  1.576784e-01  9.873158e-01 -1.796644e+00  1.808580e+00  <LogSample>  <DielIoni>  <SE> 
    377       1  9.354221e+02  9.354221e+02  1.326e-06  2.845547e+00  8.307313e+00  1.000000e+00  0.000e+00  0.000e+00  1.000e+01  4.606804e-01  2.626088e-01  8.478267e-01 -4.690085e+00  8.781149e+00  <samplecontainer>  <PE>  <BSE> 
    377       2  6.828578e+00  6.828578e+00  2.380e-06 -3.605138e-01 -6.817738e-01  1.000000e+00  0.000e+00  1.002e-02 -9.294e-03  2.984856e-01 -5.727410e-01  7.634619e-01 -8.448684e-01  9.886523e-01  <LogSample>  <DielIoni>  <SE> 
    382       2  8.333362e-01  8.333362e-01  2.271e-05  3.364198e+00 -3.596289e+00  1.000000e+00 -5.701e-03  3.410e-02 -4.084e+00  8.768074e-01 -4.466415e-01  1.781018e-01 -4.083613e+00  4.924542e+00  <LogSample>  <DielIoni>  <SE> 
    383       2  1.371746e+01  1.371746e+01  4.589e-06  1.065138e+00  2.171339e+00  1.000000e+00  0.000e+00  1.165e-02 -1.648e+00  4.012627e-01  8.270297e-01  3.937133e-01 -1.647874e+00  2.418518e+00  <LogSample>  <DielIoni>  <SE> 
    384       1  1.103828e+03  1.103828e+03  8.925e-07  3.614015e+00 -1.344242e+00  1.000000e+00  0.000e+00  0.000e+00  1.000e+01  4.573500e-01 -4.588047e-01  7.617934e-01 -2.722919e+00  3.855916e+00  <samplecontainer>  <PE>  <BSE> 
    384       4  5.298146e+01  5.298146e+01  1.290e-06  1.422694e+00 -1.503272e+00  1.000000e+00  2.957e+00 -6.849e-01 -9.562e-02 -7.503668e-01 -3.966939e-01  5.287567e-01 -9.562310e-02  3.035101e+00  <LogSample>  <DielIoni>  <BSE> 
    384       5  1.360185e+01  1.360185e+01  2.122e-06  1.809325e+00  1.524347e+00  1.000000e+00  2.919e+00 -7.123e-01 -7.397e-02 -4.030855e-01  8.246849e-01  3.967579e-01 -7.397116e-02  3.021499e+00  <LogSample>  <DielIoni>  <SE> 
    386       8  5.810172e+00  5.810172e+00  6.080e-06 -1.256254e-01 -1.474950e+00  1.000000e+00 -5.628e-04  7.523e-03 -5.924e-01  7.330243e-01 -5.537927e-01  3.949543e-01 -9.583947e-01  2.585174e+00  <LogSample>  <DielIoni>  <SE> 
    386       7  6.045407e+00  6.045407e+00  3.215e-06 -1.800212e+00 -1.958611e+00  1.000000e+00 -3.259e-02  1.450e-02 -5.432e-01  1.263481e-01 -7.225731e-01  6.796501e-01 -5.432063e-01  2.660248e+00  <LogSample>  <DielIoni>  <SE> 
    386      40  5.818846e+00  5.818846e+00  3.707e-06 -3.735362e+00  1.342670e+00  1.000000e+00 -2.728e+00  7.764e-01 -1.790e+00 -4.686058e-01 -5.010253e-01  7.275866e-01 -1.790264e+00  3.969344e+00  <LogSample>  <DielIoni>  <SE> 
    390       5  3.066180e+00  3.066180e+00  1.911e-05 -1.171935e+00 -3.841290e+00  1.000000e+00  2.494e-01  7.565e-01 -5.302e+00 -6.759916e-01 -6.347905e-02  7.341702e-01 -5.375990e+00  4.016085e+00  <LogSample>  <DielIoni>  <SE> 
    393       1  7.442186e+02  7.442186e+02  1.935e-06 -5.446441e+00 -1.100653e+01  1.000000e+00  0.000e+00  0.000e+00  1.000e+01  3.562016e-02 -6.212425e-01  7.828084e-01 -8.632917e+00  1.228036e+01  <samplecontainer>  <PE>  <BSE> 
    393      17  2.283539e+00  2.283539e+00  2.095e-05 -6.784572e+00 -1.028252e+01  1.000000e+00 -6.002e+00 -5.528e+00 -3.616e+00  1.113400e-01 -4.721893e-01  8.744374e-01 -3.616153e+00  1.231911e+01  <LogSample>  <DielIoni>  <SE> 
    395       1  6.857574e+02  6.857574e+02  2.035e-06 -3.099304e-01  8.129037e+00  1.000000e+00  0.000e+00  0.000e+00  1.000e+01  1.983771e-01 -7.254624e-01  6.590530e-01 -9.679528e+00  9.347214e+00  <samplecontainer>  <PE>  <BSE> 
    399       3  3.087537e+00  3.087537e+00  3.849e-06  4.958764e-01 -2.228328e+00  1.000000e+00  2.673e-01 -3.176e-01 -1.524e+00 -5.731434e-01  1.837815e-01  7.985806e-01 -1.524089e+00  2.945252e+00  <LogSample>  <DielIoni>  <SE> 
    399       2  9.188241e+00  9.188241e+00  6.001e-06  1.301983e+00  2.479664e-01  1.000000e+00  1.461e-01  4.807e-02 -1.071e+00  4.756885e-01  1.747986e-01  8.620707e-01 -2.063512e+00  1.384337e+00  <LogSample>  <DielIoni>  <SE> 
    402       4  9.544886e+00  9.544886e+00  8.492e-06 -5.392513e-01 -7.294163e-01  1.000000e+00  1.429e-01  1.845e-01 -2.990e+00 -7.688722e-01 -2.350184e-01  5.946444e-01 -2.990286e+00  1.172430e+00  <LogSample>  <DielIoni>  <SE> 
    404       1  8.947393e+02  8.947393e+02  1.607e-06  8.271501e+00  8.356459e+00  1.000000e+00  0.000e+00  0.000e+00  1.000e+01  5.206582e-01  3.365953e-01  7.846137e-01 -7.106553e+00  1.175790e+01  <samplecontainer>  <PE>  <BSE> 
    406       2  1.467678e+01  1.467678e+01  1.861e-06  2.692687e+00 -1.990955e-01  1.000000e+00  1.023e-01 -3.492e-02 -5.352e-01  8.956927e-01 -8.944541e-02  4.355848e-01 -6.398264e-01  2.700037e+00  <LogSample>  <DielIoni>  <SE> 
    407       1  5.021434e+02  5.021434e+02  2.168e-06 -9.985491e-01 -2.063769e+00  1.000000e+00  0.000e+00  0.000e+00  1.000e+01 -6.321876e-01 -6.763701e-01  3.779713e-01 -7.332582e+00  6.418863e+00  <samplecontainer>  <PE>  <BSE> 
    407       4  5.685735e+00  5.685735e+00  1.847e-06 -1.071598e+00  8.086139e-01  1.000000e+00 -3.080e-01  2.149e-01 -5.980e-01 -3.698678e-01  3.498197e-01  8.607113e-01 -6.530355e-01  1.342452e+00  <LogSample>  <DielIoni>  <SE> 
    407       3  5.245143e+00  5.245143e+00  6.128e-06  6.406792e+00  1.539863e+00  1.000000e+00  0.000e+00  1.015e-02 -1.356e-01  4.433273e-01  8.460284e-01  2.961364e-01 -2.068371e+00  6.589246e+00  <LogSample>  <DielIoni>  <SE> 
    407      29  2.067874e+00  2.067874e+00  5.315e-06  2.550910e+00 -3.140215e+00  1.000000e+00  4.695e+00 -1.105e+00 -9.069e-01 -5.631465e-01 -7.297805e-01  3.876680e-01 -9.068930e-01  4.823421e+00  <LogSample>  <DielIoni>  <SE> 
    407      25  7.902946e+00  7.902946e+00  3.009e-06  3.681566e+00 -9.007775e-01  1.000000e+00  3.861e+00 -1.291e+00 -5.989e-01  2.627455e-01  3.704955e-03  9.648581e-01 -7.662074e-01  4.071382e+00  <LogSample>  <DielIoni>  <SE> 
    407      22  5.680488e+00  5.680488e+00  7.352e-06  3.286794e+00 -9.720902e-01  1.000000e+00  2.601e+00 -7.966e-01 -2.068e+00 -3.274444e-01  4.315292e-01  8.405729e-01 -2.068371e+00  4.136797e+00  <LogSample>  <DielIoni>  <SE> 
    407       2  1.460295e+01  1.460295e+01  2.458e-06  4.730677e-01  7.307693e-01  1.000000e+00  0.000e+00  1.015e-02 -1.356e-01  3.219478e-01  5.553521e-01  7.667683e-01 -4.474164e-01  8.705268e-01  <LogSample>  <DielIoni>  <SE> 
    414       1  1.187098e+03  1.187098e+03  1.067e-06  1.437697e+00 -2.551531e+00  1.000000e+00  0.000e+00  0.000e+00  1.000e+01  1.983659e-02 -7.594880e-02  9.969144e-01 -4.480858e+00  2.928700e+00  <samplecontainer>  <PE>  <BSE> 
    414       3  3.669401e+00  3.669401e+00  1.476e-05 -1.004603e+00 -1.393813e+00  1.000000e+00  9.653e-01 -1.678e+00 -4.463e+00 -4.920024e-01 -5.219171e-01  6.968042e-01 -4.497171e+00  5.112097e+00  <LogSample>  <DielIoni>  <SE> 
    418       4  3.342690e+00  3.342690e+00  1.338e-05  5.180714e-01 -1.286879e+00  1.000000e+00  1.346e+00 -1.181e+00 -5.363e+00  7.220595e-01  5.699597e-01  3.921428e-01 -5.362764e+00  3.091223e+00  <LogSample>  <DielIoni>  <SE> 
    419       1  1.126989e+03  1.126989e+03  1.166e-06 -4.324059e-01 -3.995742e+00  1.000000e+00  0.000e+00  0.000e+00  1.000e+01  9.220293e-02 -5.438470e-01  8.341037e-01 -5.639564e+00  4.019070e+00  <samplecontainer>  <PE>  <BSE> 
    423      53  1.463116e+00  1.463116e+00  8.002e-05  6.776927e+00 -5.897992e+00  1.000000e+00  1.637e-01 -2.381e+00 -8.101e+00  6.754959e-01 -1.512172e-01  7.216915e-01 -8.100962e+00  9.522508e+00  <LogSample>  <DielIoni>  <SE> 
    425       1  9.483895e+02  9.483895e+02  2.267e-06 -1.874587e+01 -2.158452e+01  1.000000e+00  0.000e+00  0.000e+00  1.000e+01 -7.625073e-01  5.231790e-01  3.806132e-01 -2.988383e+00  2.858845e+01  <samplecontainer>  <PE>  <BSE> 
    425       9  1.783008e+00  1.783008e+00  8.243e-06 -1.876992e+01 -1.771690e+01  1.000000e+00 -1.680e+01 -1.896e+01 -1.477e+00 -3.123618e-01  3.428304e-01  8.859444e-01 -1.477005e+00  2.582851e+01  <LogSample>  <DielIoni>  <SE> 
    428       1  4.783541e+02  4.783541e+02  1.860e-06 -1.641432e+01  7.769628e+00  1.000000e+00  0.000e+00  0.000e+00  1.000e+01 -5.271666e-01  3.578804e-01  7.707250e-01 -4.057176e+00  1.816031e+01  <samplecontainer>  <PE>  <BSE> 
    428      30  4.814455e+00  4.814455e+00  2.218e-05 -9.141138e+00  7.401118e-01  1.000000e+00 -8.702e+00 -3.194e-02 -1.811e+00  2.396377e-01  5.458682e-01  8.028709e-01 -1.862870e+00  1.079050e+01  <LogSample>  <DielIoni>  <SE> 
    432       3  5.374703e+00  5.374703e+00  1.376e-05  3.855675e-01 -2.330864e+00  1.000000e+00  9.964e-03  1.987e-03 -2.406e+00  2.237003e-01  2.394278e-01  9.447923e-01 -3.505892e+00  2.948145e+00  <LogSample>  <DielIoni>  <SE> 
    436      66  7.321206e+00  7.321206e+00  4.812e-06 -2.426872e+00  2.361784e+00  1.000000e+00 -4.125e-02 -1.910e-01 -6.967e-01 -6.064430e-01  6.244394e-01  4.922422e-01 -1.194879e+00  3.386404e+00  <LogSample>  <DielIoni>  <SE> 
    436       2  2.239401e+01  2.239401e+01  1.300e-06  9.909935e-01 -4.566900e-01  1.000000e+00  0.000e+00  1.009e-02 -7.939e-02  7.538977e-01 -1.040278e-01  6.487036e-01 -1.963467e-01  1.091162e+00  <LogSample>  <DielIoni>  <SE> 
    436      73  4.620529e+00  4.620529e+00  1.679e-06  4.248309e-01  5.063923e-02  1.000000e+00 -2.067e-01 -4.713e-02 -1.580e-01  5.557762e-01  2.776566e-02  8.308681e-01 -1.580201e-01  4.278383e-01  <LogSample>  <DielIoni>  <SE> 
    437      74  3.519387e+00  3.519387e+00  2.619e-06 -6.713760e-01 -8.068480e-02  1.000000e+00 -5.225e-01 -6.364e-02 -2.847e-01  1.852700e-01 -3.590939e-01  9.147276e-01 -3.067127e-01  1.273238e+00  <LogSample>  <DielIoni>  <SE> 
    439       1  9.842267e+02  9.842267e+02  2.422e-06  1.946862e+00  1.848540e+01  1.000000e+00  0.000e+00  0.000e+00  1.000e+01  9.288439e-01  7.401942e-02  3.630017e-01 -1.192170e+01  1.858764e+01  <samplecontainer>  <PE>  <BSE> 
    440       1  2.085971e+02  2.085971e+02  2.055e-06  3.262999e+00  8.970375e+00  1.000000e+00  0.000e+00  0.000e+00  1.000e+01 -5.941211e-01 -1.972712e-01  7.798104e-01 -5.940043e+00  1.017613e+01  <samplecontainer>  <PE>  <BSE> 
    440       7  3.594965e+02  3.594965e+02  1.519e-06  1.321288e+00  3.357335e+00  1.000000e+00  3.572e+00  4.117e+00 -3.930e+00 -4.080809e-01 -4.003638e-01  8.204747e-01 -3.929509e+00  5.450435e+00  <LogSample>  <DielIoni>  <BSE> 
    440       2  5.955978e+00  5.955978e+00  1.334e-05 -1.491651e-01 -1.433172e+00  1.000000e+00  0.000e+00  1.091e-02 -9.009e-01 -8.263039e-01  2.609747e-01  4.991134e-01 -1.556238e+00  3.295567e+00  <LogSample>  <DielIoni>  <SE> 
    443       1  1.071390e+03  1.071390e+03  1.181e-06  9.583438e+00  8.021440e+00  1.000000e+00  0.000e+00  0.000e+00  1.000e+01  6.912898e-01  6.145927e-01  3.799924e-01 -1.512198e+00  1.249743e+01  <samplecontainer>  <PE>  <BSE> 
    446       1  1.095853e+03  1.095853e+03  1.412e-06  8.019285e+00  3.121608e+00  1.000000e+00  0.000e+00  0.000e+00  1.000e+01  7.320450e-01 -1.339340e-01  6.679609e-01 -4.480041e+00  8.605427e+00  <samplecontainer>  <PE>  <BSE> 
    447       1  3.122655e+02  3.122655e+02  4.505e-06  1.020474e+00  1.554191e+01  1.000000e+00  0.000e+00  0.000e+00  1.000e+01  3.238490e-01  3.397940e-01  8.829846e-01 -1.944793e+01  1.685811e+01  <samplecontainer>  <PE>  <BSE> 
    460       4  1.618278e+00  1.618278e+00  1.661e-05  7.608698e-01  2.630453e+00  1.000000e+00  2.055e-01 -2.425e-01 -3.088e+00 -7.674666e-01  5.442225e-03  6.410659e-01 -3.088316e+00  3.428390e+00  <LogSample>  <DielIoni>  <SE> 
    461       1  1.228054e+03  1.228054e+03  9.108e-07  1.340613e-01 -7.936208e+00  1.000000e+00  0.000e+00  0.000e+00  1.000e+01  2.140163e-01 -8.964300e-01  3.880854e-01 -6.036975e-01  7.937341e+00  <samplecontainer>  <PE>  <BSE> 
    462      60  6.053523e+00  6.053523e+00  5.603e-06  1.355259e+01 -4.073552e+00  1.000000e+00  1.333e+01 -5.858e+00 -1.805e+00  2.074239e-01  3.402094e-01  9.171875e-01 -1.805221e+00  1.456220e+01  <LogSample>  <DielIoni>  <SE> 
    465       1  4.709691e+02  4.709691e+02  2.914e-06 -5.323770e+00  1.558863e+01  1.000000e+00  0.000e+00  0.000e+00  1.000e+01  2.587155e-01 -6.750923e-01  6.908811e-01 -1.238567e+01  1.971428e+01  <samplecontainer>  <PE>  <BSE> 
    465      25  4.773429e+00  4.773429e+00  5.399e-05 -1.014720e+01  1.272328e+01  1.000000e+00 -5.680e+00  1.589e+01 -7.884e+00  2.036636e-01  7.702327e-01  6.043696e-01 -8.989362e+00  1.687256e+01  <LogSample>  <DielIoni>  <SE> 
    468       1  2.561231e+02  2.561231e+02  3.477e-06  1.612983e+01 -1.176965e+01  1.000000e+00  0.000e+00  0.000e+00  1.000e+01  8.314895e-01 -2.228081e-01  5.089024e-01 -1.665922e+01  1.996738e+01  <samplecontainer>  <PE>  <BSE> 
    468       3  3.989056e+00  3.989056e+00  1.023e-05 -2.618592e+00 -3.345084e+00  1.000000e+00 -8.708e-04  1.575e-02 -9.194e-01 -5.187140e-01  1.135846e-01  8.473691e-01 -1.468113e+00  4.316301e+00  <LogSample>  <DielIoni>  <SE> 
    471       1  6.584055e+02  6.584055e+02  2.460e-06  2.621983e+00 -7.261292e+00  1.000000e+00  0.000e+00  0.000e+00  1.000e+01 -7.970358e-01  3.712549e-01  4.763442e-01 -8.350768e+00  1.399607e+01  <samplecontainer>  <PE>  <BSE> 
    471      20  5.396818e+00  5.396818e+00  3.511e-06  4.790203e+00 -7.145542e+00  1.000000e+00  4.915e+00 -8.321e+00 -3.873e-01 -8.121535e-02  7.097434e-01  6.997631e-01 -4.242981e-01  9.685544e+00  <LogSample>  <DielIoni>  <SE> 
    473       1  9.338922e+02  9.338922e+02  1.567e-06 -6.373517e+00  8.930126e+00  1.000000e+00  0.000e+00  0.000e+00  1.000e+01 -4.699512e-01  4.789656e-01  7.414430e-01 -7.722855e+00  1.097127e+01  <samplecontainer>  <PE>  <BSE> 
    479      30  3.223539e+00  3.223539e+00  7.590e-06 -1.372412e+00 -1.997905e+01  1.000000e+00 -2.978e+00 -2.063e+01 -2.725e+00  1.373307e-01  5.657107e-01  8.130877e-01 -2.725174e+00  2.167494e+01  <LogSample>  <DielIoni>  <SE> 
    479      67  3.913205e-01  3.913205e-01  1.593e-05  7.596338e-01 -1.185237e+00  1.000000e+00  2.409e-01  7.602e-02 -2.819e+00  2.572074e-01 -4.668130e-01  8.461265e-01 -3.338026e+00  1.407775e+00  <LogSample>  <DielIoni>  <SE> 
    479       4  6.092966e+00  6.092966e+00  6.811e-06  1.789975e+00 -1.831274e+00  1.000000e+00 -5.238e-02 -1.173e-03 -2.631e+00 -5.911845e-01 -4.823349e-02  8.050928e-01 -2.897530e+00  3.290249e+00  <LogSample>  <DielIoni>  <SE> 
    482       2  9.176380e+00  9.176380e+00  1.453e-06 -2.093625e-01 -1.002931e+00  1.000000e+00  0.000e+00  1.048e-02 -4.734e-01 -1.430871e-01 -6.533497e-01  7.434112e-01 -4.733849e-01  1.024550e+00  <LogSample>  <DielIoni>  <SE> 
    485       1  4.377644e+02  4.377644e+02  3.371e-06 -9.588992e+00  7.994937e-01  1.000000e+00  0.000e+00  0.000e+00  1.000e+01  2.144494e-01  2.132003e-02  9.765024e-01 -1.694332e+01  1.458010e+01  <samplecontainer>  <PE>  <BSE> 
    485      26  4.034230e+00  4.034230e+00  5.057e-06 -1.127419e+01  1.594963e+00  1.000000e+00 -1.019e+01  1.073e+00 -1.995e-01 -2.012407e-02  4.384913e-01  8.985101e-01 -4.968576e-01  1.138645e+01  <LogSample>  <DielIoni>  <SE> 
    487       1  1.567175e+00  1.567175e+00  1.135e-05  1.886287e+00  1.620656e+01  1.000000e+00  0.000e+00  0.000e+00  1.000e+01  3.846509e-01 -3.582636e-01  8.507002e-01 -1.287422e+01  1.693289e+01  <samplecontainer>  <PE>  <SE> 
    497      50  1.100455e+01  1.100455e+01  8.856e-06  5.771457e+00 -2.536064e+00  1.000000e+00  9.239e+00 -3.195e+00 -2.296e+00 -7.374861e-01 -5.102583e-01  4.424372e-01 -2.295769e+00  9.775714e+00  <LogSample>  <DielIoni>  <SE> 
    497       3  6.622469e+00  6.622469e+00  3.731e-05  8.685343e-01  1.867026e-01  1.000000e+00  1.407e+00  8.616e-01 -3.020e+00 -9.784008e-02 -4.113714e-01  9.062014e-01 -5.300692e+00  3.692570e+00  <LogSample>  <DielIoni>  <SE> 
    497       2  3.087930e+00  3.087930e+00  1.602e-05 -3.339595e+00  1.041262e+00  1.000000e+00  6.938e-02  1.626e-02 -1.119e+00 -2.948506e-01 -2.599765e-01  9.194974e-01 -2.411890e+00  3.498160e+00  <LogSample>  <DielIoni>  <SE> 
    498       2  3.888281e+00  3.888281e+00  3.939e-06  3.111507e+00 -6.958588e-01  1.000000e+00  4.721e-01 -9.487e-02 -2.078e+00  6.483372e-01 -5.127133e-01  5.628356e-01 -2.078147e+00  3.188368e+00  <LogSample>  <DielIoni>  <SE> 
