EventID TrackID        Etotal          Ekin   Hit time             x             y             z    xOrigin    yOrigin    zOrigin   direction-x   direction-y   direction-z     Max Depth    Max Radius  Logical Volume         Process        Category 
    (-)     (-)          (eV)          (eV)       (ns)          (nm)          (nm)          (nm)       (nm)       (nm)       (nm)           (-)           (-)           (-)          (nm)          (nm) 
      0       3  2.606864e+00  2.606864e+00  6.263e-06 -8.210234e-01 -3.163646e-01  1.000000e+00  2.672e-03  1.459e-02 -1.731e+00  4.612992e-02 -5.059953e-01  8.613018e-01 -1.730978e+00  2.886203e+00  <LogSample>  <DielIoni>  <SE> 
      0      71  7.549926e+00  7.549926e+00  2.452e-06 -1.424787e+00 -1.759694e+00  1.000000e+00 -7.940e-01 -2.994e-01 -1.619e+00 -1.912280e-01 -4.664227e-01  8.636444e-01 -1.810324e+00  2.264187e+00  <LogSample>  <DielIoni>  <SE> 
      4       7  2.840010e+00  2.840010e+00  4.478e-05 -2.174408e-01 -1.978946e+00  1.000000e+00 -3.851e+00  1.482e+00 -6.381e+00 -3.063069e-02 -4.383896e-01  8.982629e-01 -6.380653e+00  4.414111e+00  <LogSample>  <DielIoni>  <SE> 
      9       6  5.521208e+00  5.521208e+00  1.114e-05  1.287488e+00  3.345906e-01  1.000000e+00  1.664e-01  3.401e-01 -1.879e+00  7.938368e-03 -2.624644e-01  9.649090e-01 -2.466698e+00  1.763973e+00  <LogSample>  <DielIoni>  <SE> 
      9      52  5.657058e+00  5.657058e+00  6.491e-06 -5.355996e-01  1.818730e+00  1.000000e+00  2.372e-01  8.832e-01 -2.413e+00 -3.600141e-01  9.886153e-02  9.276941e-01 -2.412963e+00  1.895955e+00  <LogSample>  <DielIoni>  <SE> 
      9      50  1.826751e+00  1.826751e+00  3.662e-05  2.485803e+00 -2.978575e+00  1.000000e+00  2.121e-01  8.200e-01 -2.135e+00  4.077294e-01  8.334529e-01  3.729787e-01 -3.826862e+00  5.844479e+00  <LogSample>  <DielIoni>  <SE> 
      9      61  2.623028e+00  2.623028e+00  3.584e-05 -6.677556e+00 -1.092021e+00  1.000000e+00  2.130e-01  8.172e-01 -2.134e+00  2.638075e-01 -6.489694e-01  7.136136e-01 -4.965782e+00  7.810559e+00  <LogSample>  <DielIoni>  <SE> 
     10       1  1.099876e+03  1.099876e+03  1.697e-06  1.194246e+01  1.282112e+01  1.000000e+00  0.000e+00  0.000e+00  1.000e+01 -4.871987e-01  5.332067e-03  8.732749e-01 -4.292473e+00  1.851049e+01  <samplecontainer>  <PE>  <BSE> 
     12       1  1.870958e+02  1.870958e+02  4.805e-06  2.961605e+00  2.227431e+01  1.000000e+00  0.000e+00  0.000e+00  1.000e+01 -4.028874e-01  8.954862e-01  1.891726e-01 -1.350358e+01  2.247034e+01  <samplecontainer>  <PE>  <BSE> 
     12      36  1.212935e+01  1.212935e+01  5.553e-06  2.948167e+00  1.759890e+01  1.000000e+00  5.135e+00  1.744e+01 -3.444e-02 -9.208448e-01  5.787510e-02  3.856102e-01 -3.443822e-02  1.841821e+01  <LogSample>  <DielIoni>  <SE> 
     12      40  3.601156e+00  3.601156e+00  4.666e-05  6.779296e+00  1.421017e+01  1.000000e+00  6.276e+00  1.383e+01 -2.369e+00 -3.396654e-01  8.777374e-02  9.364418e-01 -4.574510e+00  1.584584e+01  <LogSample>  <DielIoni>  <SE> 
     18       1  1.011891e+03  1.011891e+03  1.028e-06 -2.127229e+00  2.609541e+00  1.000000e+00  0.000e+00  0.000e+00  1.000e+01 -4.476833e-01  5.935870e-01  6.687557e-01 -2.086740e+00  3.366721e+00  <samplecontainer>  <PE>  <BSE> 
     18       3  5.729729e+00  5.729729e+00  6.984e-06 -6.528742e-01  3.611918e+00  1.000000e+00 -4.171e-01  2.229e-01 -1.394e+00 -2.854541e-01  2.999725e-01  9.102376e-01 -1.393568e+00  3.670449e+00  <LogSample>  <DielIoni>  <SE> 
     20      68  6.006294e+00  6.006294e+00  2.102e-05  4.224077e+00 -1.881657e+00  1.000000e+00  9.233e-01 -2.649e+00 -3.704e+00  4.363161e-01 -2.704188e-01  8.581969e-01 -3.704441e+00  6.197127e+00  <LogSample>  <DielIoni>  <SE> 
     23       1  7.992281e+02  7.992281e+02  2.144e-06 -7.131474e+00  6.378373e+00  1.000000e+00  0.000e+00  0.000e+00  1.000e+01 -1.061930e-01  5.903469e-02  9.925915e-01 -1.163021e+01  9.567735e+00  <samplecontainer>  <PE>  <BSE> 
     24       1  6.789779e+02  6.789779e+02  9.843e-07  8.903768e-02  3.781632e+00  1.000000e+00  0.000e+00  0.000e+00  1.000e+01  4.374759e-01  7.526019e-01  4.921435e-01 -2.648042e+00  3.782680e+00  <samplecontainer>  <PE>  <BSE> 
     28      12  8.405702e+00  8.405702e+00  4.763e-06 -1.329178e+01  7.504360e+00  1.000000e+00 -7.442e+00  6.693e+00 -2.338e-01 -9.757203e-01  1.352958e-01  1.722354e-01 -2.338467e-01  1.526391e+01  <LogSample>  <DielIoni>  <SE> 
     29      63  7.307783e+00  7.307783e+00  5.805e-06  2.573543e+00  2.170787e+00  1.000000e+00  3.200e-01 -4.223e-02 -2.484e+00  7.237568e-01 -4.496509e-01  5.234406e-01 -2.484351e+00  3.366815e+00  <LogSample>  <DielIoni>  <SE> 
     29      61  1.340971e+01  1.340971e+01  5.038e-06  1.614023e-01 -5.048713e-01  1.000000e+00  5.133e-01 -3.585e-01 -2.244e+00 -1.223870e-01 -2.762126e-01  9.532723e-01 -2.243510e+00  6.616164e-01  <LogSample>  <DielIoni>  <SE> 
     29       2  1.072191e+01  1.072191e+01  1.549e-06  1.031049e+00  1.090030e-01  1.000000e+00  0.000e+00  1.019e-02 -1.773e-01  5.532550e-01  2.339280e-01  7.994915e-01 -3.279713e-01  1.036795e+00  <LogSample>  <DielIoni>  <SE> 
     30      65  1.074540e+01  1.074540e+01  2.635e-06  8.073253e-01 -1.786032e+00  1.000000e+00  2.020e-02 -6.482e-02 -7.348e-01  5.240747e-01 -4.367921e-01  7.311350e-01 -1.263728e+00  1.960021e+00  <LogSample>  <DielIoni>  <SE> 
     36      64  4.934752e+00  4.934752e+00  4.947e-05  5.692463e+00 -9.720736e+00  1.000000e+00  1.749e-01 -3.993e-01 -6.372e+00  6.792947e-01  2.299938e-01  6.968942e-01 -7.487393e+00  1.329683e+01  <LogSample>  <DielIoni>  <SE> 
     41       1  9.666623e+02  9.666623e+02  1.673e-06  1.660569e+01  6.105584e+00  1.000000e+00  0.000e+00  0.000e+00  1.000e+01  4.463049e-01 -4.535133e-02  8.937311e-01 -5.036288e+00  1.769257e+01  <samplecontainer>  <PE>  <BSE> 
     41       3  6.742565e+00  6.742565e+00  8.467e-06 -5.668242e-01  1.626869e+00  1.000000e+00  1.592e-01  4.663e-02 -2.541e+00  1.066812e-01 -1.766023e-01  9.784839e-01 -2.541080e+00  1.988507e+00  <LogSample>  <DielIoni>  <SE> 
     42       4  1.115336e+00  1.115336e+00  4.212e-06 -1.142332e+00  1.238112e-01  1.000000e+00 -1.765e-04  5.918e-03 -6.771e-01 -6.660789e-02  2.946525e-01  9.532803e-01 -8.567783e-01  1.254504e+00  <LogSample>  <DielIoni>  <SE> 
     42      62  3.540673e+00  3.540673e+00  5.750e-06  7.382479e-01 -7.285642e-02  1.000000e+00  3.540e-02 -3.377e-01 -6.396e-01  4.606424e-02 -1.369174e-01  9.895108e-01 -1.298474e+00  1.230913e+00  <LogSample>  <DielIoni>  <SE> 
     43       2  6.251144e+00  6.251144e+00  4.226e-06  8.310349e-01  1.105925e+00  1.000000e+00  0.000e+00  1.012e-02 -1.112e-01  6.118977e-01  4.336780e-01  6.614413e-01 -1.051845e+00  1.383362e+00  <LogSample>  <DielIoni>  <SE> 
     47       1  9.207299e+02  9.207299e+02  1.997e-06 -1.257116e+01 -1.318529e+00  1.000000e+00  0.000e+00  0.000e+00  1.000e+01  5.408888e-02 -9.468565e-01  3.170760e-01 -7.660779e+00  1.291415e+01  <samplecontainer>  <PE>  <BSE> 
     47       5  2.947840e+00  2.947840e+00  1.660e-05 -2.579583e-01 -3.655333e+00  1.000000e+00 -2.360e-01 -1.772e-01 -3.574e+00  6.993750e-01 -2.869430e-01  6.546284e-01 -3.691975e+00  3.664424e+00  <LogSample>  <DielIoni>  <SE> 
     50      56  6.013392e-01  6.013392e-01  1.880e-05 -2.469310e+00  1.551763e+00  1.000000e+00 -4.377e+00 -4.392e-01 -2.040e+00  1.909660e-01  2.926296e-01  9.369631e-01 -3.312646e+00  5.246728e+00  <LogSample>  <DielIoni>  <SE> 
     54      33  7.802861e+00  7.802861e+00  7.617e-06 -4.003321e+01 -9.395593e+00  1.000000e+00 -4.057e+01 -9.384e+00 -3.853e+00  2.436062e-01 -4.115131e-01  8.782443e-01 -3.852562e+00  4.212710e+01  <LogSample>  <DielIoni>  <SE> 
     54      64  7.662984e+00  7.662984e+00  9.176e-06 -1.588377e+01 -1.118170e+01  1.000000e+00 -1.627e+01 -1.025e+01 -2.851e+00  5.657201e-01 -4.052235e-01  7.181606e-01 -3.086834e+00  1.978615e+01  <LogSample>  <DielIoni>  <SE> 
     54      58  2.314238e+00  2.314238e+00  9.029e-06 -2.009452e+01 -1.206947e+01  1.000000e+00 -1.763e+01 -9.543e+00 -3.285e+00  3.145895e-01 -1.560634e-01  9.363107e-01 -3.284606e+00  2.365962e+01  <LogSample>  <DielIoni>  <SE> 
     55       3  5.107867e+00  5.107867e+00  3.624e-06 -6.346873e-01  1.040504e+00  1.000000e+00  1.116e-02 -1.164e-02 -1.115e+00  5.838663e-01 -3.535521e-01  7.308222e-01 -1.119212e+00  2.519410e+00  <LogSample>  <DielIoni>  <SE> 
     58       2  1.565752e+01  1.565752e+01  3.128e-06  3.872219e+00  1.469346e+00  1.000000e+00  0.000e+00  1.003e-02 -1.525e-02  8.822678e-01  2.137506e-01  4.194212e-01 -5.296184e-01  4.141625e+00  <LogSample>  <DielIoni>  <SE> 
     59       1  1.843407e+02  1.843407e+02  3.623e-06  4.141301e+00 -1.192578e+01  1.000000e+00  0.000e+00  0.000e+00  1.000e+01 -3.321304e-01  3.774437e-01  8.644221e-01 -1.275688e+01  1.778429e+01  <samplecontainer>  <PE>  <BSE> 
     59      37  7.777698e+00  7.777698e+00  5.136e-06  5.635073e+00 -1.056207e+01  1.000000e+00  4.493e+00 -1.240e+01 -9.929e-02  4.972315e-01  7.636023e-01  4.119130e-01 -9.928760e-02  1.327990e+01  <LogSample>  <DielIoni>  <SE> 
     63      62  5.712785e+00  5.712785e+00  8.154e-06  2.431312e+00 -2.899181e+00  1.000000e+00  1.021e-02  2.240e-02 -3.729e+00  5.953887e-01 -3.269386e-01  7.339097e-01 -4.280239e+00  3.783719e+00  <LogSample>  <DielIoni>  <SE> 
     64      41  5.314014e-01  5.314014e-01  3.548e-05 -5.529221e+00  8.930236e+00  1.000000e+00 -3.591e+00  1.033e+01 -4.807e+00  6.285004e-01 -3.994767e-02  7.767828e-01 -4.806687e+00  1.168943e+01  <LogSample>  <DielIoni>  <SE> 
     64      60  3.338626e+00  3.338626e+00  6.076e-05 -6.265606e+00  1.048264e+01  1.000000e+00 -4.362e+00  8.489e+00 -4.994e+00 -1.478771e-01  9.630059e-01  2.252821e-01 -4.994401e+00  1.221244e+01  <LogSample>  <DielIoni>  <SE> 
     64       2  7.980423e+00  7.980423e+00  1.300e-05 -1.938432e+00 -3.590164e+00  1.000000e+00 -3.244e-02 -1.354e-04 -1.338e+00 -8.337161e-01  4.322307e-02  5.504990e-01 -1.840807e+00  4.080049e+00  <LogSample>  <DielIoni>  <SE> 
     65       1  1.007066e+03  1.007066e+03  1.610e-06 -1.601777e+01  2.256392e+00  1.000000e+00  0.000e+00  0.000e+00  1.000e+01 -5.314700e-01 -2.022771e-01  8.225714e-01 -5.117982e+00  1.617591e+01  <samplecontainer>  <PE>  <BSE> 
     65      14  9.209381e+00  9.209381e+00  4.995e-06 -1.384528e+01  4.065045e+00  1.000000e+00 -1.524e+01  2.553e+00 -2.080e-01  5.307802e-01  3.168253e-01  7.860624e-01 -7.958848e-01  1.583619e+01  <LogSample>  <DielIoni>  <SE> 
     71       1  6.067865e+02  6.067865e+02  1.006e-06 -7.182479e+00  4.663176e-01  1.000000e+00  0.000e+00  0.000e+00  1.000e+01 -9.836356e-01  6.381855e-02  1.684880e-01 -6.129336e-01  7.197601e+00  <samplecontainer>  <PE>  <BSE> 
     71       4  4.303900e+02  4.303900e+02  1.125e-06 -5.140336e+00  5.571999e+00  1.000000e+00 -6.694e-01  2.726e-01 -4.033e-01 -6.746257e-01  6.330046e-01  3.797174e-01 -6.949790e-01  7.580913e+00  <LogSample>  <DielIoni>  <BSE> 
     71      10  6.676580e+00  6.676580e+00  1.086e-05 -9.390896e-01 -3.214815e+00  1.000000e+00 -3.623e-01 -1.005e+00 -4.505e-01 -3.838643e-01  6.070367e-01  6.958123e-01 -1.534271e+00  4.122145e+00  <LogSample>  <DielIoni>  <SE> 
     71       9  7.921233e+00  7.921233e+00  3.556e-06  8.047807e-01 -2.085262e+00  1.000000e+00 -7.247e-01 -8.168e-01 -8.823e-01  6.350837e-01 -4.273263e-01  6.434756e-01 -8.823048e-01  2.235171e+00  <LogSample>  <DielIoni>  <SE> 
     72       2  5.273825e+00  5.273825e+00  9.614e-06  3.312426e+00  4.862868e-01  1.000000e+00  0.000e+00  1.072e-02 -7.085e-01  6.940669e-01 -3.071413e-01  6.511032e-01 -1.916057e+00  3.347931e+00  <LogSample>  <DielIoni>  <SE> 
     74       1  1.177352e+03  1.177352e+03  1.067e-06 -8.058082e+00  4.576463e+00  1.000000e+00  0.000e+00  0.000e+00  1.000e+01 -6.716826e-01  5.698358e-01  4.734233e-01 -2.184657e+00  9.266968e+00  <samplecontainer>  <PE>  <BSE> 
     77       1  1.072579e+03  1.072579e+03  1.381e-06  6.080149e+00 -1.146097e+01  1.000000e+00  0.000e+00  0.000e+00  1.000e+01  1.049260e-01 -5.270505e-01  8.433317e-01 -4.727434e+00  1.297390e+01  <samplecontainer>  <PE>  <BSE> 
     77       4  5.936477e+00  5.936477e+00  5.297e-06  5.030572e+00 -7.162567e+00  1.000000e+00  4.432e+00 -5.456e+00 -3.406e+00 -1.915100e-02  1.882313e-01  9.819380e-01 -3.405713e+00  8.953457e+00  <LogSample>  <DielIoni>  <SE> 
     79       2  7.121064e+00  7.121064e+00  4.406e-06 -5.574547e-02 -8.237268e-01  1.000000e+00  7.801e-02 -3.166e-02 -1.254e+00 -2.073056e-01 -6.641507e-01  7.182815e-01 -1.254458e+00  8.256110e-01  <LogSample>  <DielIoni>  <SE> 
     81       5  3.041441e+00  3.041441e+00  6.924e-06  1.832665e+00 -2.933405e+00  1.000000e+00  5.927e-01 -1.382e+00 -3.701e+00  3.880227e-01 -7.986855e-01  4.599346e-01 -3.701116e+00  3.458833e+00  <LogSample>  <DielIoni>  <SE> 
     81      55  1.796168e+00  1.796168e+00  4.243e-05 -3.189126e+00 -6.876311e+00  1.000000e+00  6.116e-01 -2.557e+00 -2.860e+00 -9.077047e-01  3.303585e-01  2.587189e-01 -3.653196e+00  8.216996e+00  <LogSample>  <DielIoni>  <SE> 
     81      74  8.518007e+00  8.518007e+00  6.978e-06 -1.266121e+00  2.279886e+00  1.000000e+00 -3.240e-02 -3.005e-01 -6.993e-01 -7.899768e-01  5.022547e-01  3.516772e-01 -1.110877e+00  2.607862e+00  <LogSample>  <DielIoni>  <SE> 
     82       1  1.000452e+03  1.000452e+03  1.997e-06  3.218658e+00 -1.194381e+01  1.000000e+00  0.000e+00  0.000e+00  1.000e+01  1.414854e-01 -6.897307e-01  7.101081e-01 -8.156143e+00  1.236989e+01  <samplecontainer>  <PE>  <BSE> 
     84       1  6.742777e+02  6.742777e+02  2.642e-06 -5.253891e+00  1.562569e+01  1.000000e+00  0.000e+00  0.000e+00  1.000e+01  4.713045e-01 -5.317003e-02  8.803664e-01 -6.731539e+00  1.826679e+01  <samplecontainer>  <PE>  <BSE> 
     84      20  3.911512e+00  3.911512e+00  9.414e-06 -9.640595e+00  1.768575e+01  1.000000e+00 -7.435e+00  1.590e+01 -3.324e+00 -5.116614e-01  1.810104e-01  8.399035e-01 -3.324181e+00  2.014266e+01  <LogSample>  <DielIoni>  <SE> 
     84      14  4.764134e+00  4.764134e+00  1.066e-05 -1.011385e+01  1.185888e+01  1.000000e+00 -9.716e+00  1.191e+01 -3.116e+00  3.090066e-01  3.432908e-01  8.869421e-01 -3.286371e+00  1.628412e+01  <LogSample>  <DielIoni>  <SE> 
     84      26  1.129918e+01  1.129918e+01  1.004e-05 -3.831223e+00  1.017904e+00  1.000000e+00 -3.850e+00  2.290e+00 -2.149e+00  3.865128e-01  1.463359e-01  9.106007e-01 -2.148685e+00  4.479413e+00  <LogSample>  <DielIoni>  <SE> 
     86       1  7.676832e+00  7.676832e+00  8.073e-06 -7.706882e+00  9.663462e+00  1.000000e+00  0.000e+00  0.000e+00  1.000e+01  7.785184e-01  2.417017e-01  5.792144e-01 -1.128492e+01  1.613320e+01  <samplecontainer>  <PE>  <SE> 
     86       2  1.387764e+00  1.387764e+00  4.005e-05 -3.063898e+00 -1.766185e-01  1.000000e+00  0.000e+00  1.137e-02 -1.367e+00  8.491851e-01 -1.608124e-01  5.030150e-01 -4.568569e+00  5.020265e+00  <LogSample>  <DielIoni>  <SE> 
     87       1  4.445987e+02  4.445987e+02  2.134e-06  1.847520e+00  1.088676e+01  1.000000e+00  0.000e+00  0.000e+00  1.000e+01 -4.137722e-01  1.787046e-01  8.926686e-01 -6.710402e+00  1.104241e+01  <samplecontainer>  <PE>  <BSE> 
     87      40  4.824398e+00  4.824398e+00  1.491e-05 -1.092100e+00 -4.428637e-01  1.000000e+00 -8.456e-01  9.304e-01 -2.146e+00 -3.342660e-01  4.619135e-01  8.215243e-01 -2.182683e+00  1.965037e+00  <LogSample>  <DielIoni>  <SE> 
     99      65  5.720871e+00  5.720871e+00  4.219e-06 -2.603420e+00 -6.348446e-02  1.000000e+00  3.607e-01  3.744e-01 -1.395e+00 -8.826250e-01 -2.120956e-01  4.195099e-01 -1.395392e+00  2.604194e+00  <LogSample>  <DielIoni>  <SE> 
    100       1  7.115196e+02  7.115196e+02  3.383e-06 -1.848154e+01 -1.686147e+01  1.000000e+00  0.000e+00  0.000e+00  1.000e+01 -1.444565e-01 -5.638891e-01  8.131183e-01 -1.591723e+01  2.501753e+01  <samplecontainer>  <PE>  <BSE> 
    100      30  1.717987e+00  1.717987e+00  1.306e-05 -1.852809e+00 -1.414051e+00  1.000000e+00 -2.203e-01 -6.584e-02 -2.196e+00 -5.039029e-01 -6.549887e-02  8.612733e-01 -2.633268e+00  2.533372e+00  <LogSample>  <DielIoni>  <SE> 
    104       1  7.564765e+02  7.564765e+02  2.438e-06 -1.181241e+01 -1.200996e+00  1.000000e+00  0.000e+00  0.000e+00  1.000e+01 -6.207352e-01  9.646520e-04  7.840197e-01 -1.570861e+01  1.187331e+01  <samplecontainer>  <PE>  <BSE> 
    110      11  5.972795e-01  5.972795e-01  5.989e-05 -6.133754e-01  8.517590e+00  1.000000e+00  7.499e+00  3.585e+00 -4.250e+00  1.070558e-01 -7.892187e-03  9.942217e-01 -7.850237e+00  1.044474e+01  <LogSample>  <DielIoni>  <SE> 
    112      63  3.790159e+00  3.790159e+00  1.901e-05 -1.089497e+01 -8.301437e+00  1.000000e+00 -1.068e+01 -5.729e+00 -2.854e+00  8.927247e-01 -3.482601e-01  2.859328e-01 -2.854472e+00  1.633430e+01  <LogSample>  <DielIoni>  <SE> 
    116       1  1.200015e+03  1.200015e+03  1.110e-06 -7.883826e+00  7.723548e+00  1.000000e+00  0.000e+00  0.000e+00  1.000e+01 -7.944192e-01  5.830486e-01  1.701545e-01 -1.611861e+00  1.103666e+01  <samplecontainer>  <PE>  <BSE> 
    116       3  4.640461e+00  4.640461e+00  2.423e-06 -3.289051e+00  2.699362e+00  1.000000e+00 -2.772e+00  3.926e+00 -1.474e-01 -3.467882e-01 -6.815733e-01  6.443568e-01 -3.593570e-01  4.806264e+00  <LogSample>  <DielIoni>  <SE> 
    117       1  1.195972e+03  1.195972e+03  8.825e-07 -2.059159e-01  3.642193e-01  1.000000e+00  0.000e+00  0.000e+00  1.000e+01 -2.971309e-01 -1.059662e-01  9.489386e-01 -2.551434e+00  8.236756e-01  <samplecontainer>  <PE>  <BSE> 
    119       1  1.223201e+03  1.223201e+03  8.625e-07  7.779374e-01 -3.174104e-01  1.000000e+00  0.000e+00  0.000e+00  1.000e+01  1.496734e-01 -3.112074e-02  9.882456e-01 -1.894342e+00  8.402000e-01  <samplecontainer>  <PE>  <BSE> 
    121       1  9.069966e+02  9.069966e+02  1.170e-06 -7.830284e+00 -1.471442e+00  1.000000e+00  0.000e+00  0.000e+00  1.000e+01 -7.934414e-01 -3.884648e-01  4.685572e-01 -3.649745e+00  7.967339e+00  <samplecontainer>  <PE>  <BSE> 
    129       7  6.978203e+00  6.978203e+00  5.566e-06  3.456576e+00 -1.965759e+00  1.000000e+00 -9.831e-01 -7.387e-01 -2.806e+00  7.295656e-01  3.505288e-01  5.872508e-01 -3.980218e+00  4.557911e+00  <LogSample>  <DielIoni>  <SE> 
    129      49  3.233879e+00  3.233879e+00  1.056e-05 -2.927695e+00 -2.423437e+00  1.000000e+00  1.156e+00 -4.409e+00 -1.664e+00 -2.899046e-01  7.026777e-01  6.497687e-01 -2.564913e+00  4.679531e+00  <LogSample>  <DielIoni>  <SE> 
    129      44  2.603807e+00  2.603807e+00  1.789e-05  3.606809e+00 -4.659900e+00  1.000000e+00  1.772e+00 -2.396e+00 -1.577e+00 -1.196830e-02  3.085154e-01  9.511441e-01 -2.393697e+00  6.182177e+00  <LogSample>  <DielIoni>  <SE> 
    133       2  2.733582e+00  2.733582e+00  2.497e-05  5.058297e+00 -3.793064e+00  1.000000e+00 -1.243e-01  7.268e-02 -1.930e+00  1.549348e-01 -6.534531e-01  7.409415e-01 -3.099072e+00  6.322476e+00  <LogSample>  <DielIoni>  <SE> 
    135       1  4.680477e+00  4.680477e+00  8.964e-06 -4.323264e+00 -1.207085e+01  1.000000e+00  0.000e+00  0.000e+00  1.000e+01 -6.525263e-02  2.767932e-01  9.587114e-01 -6.439300e+00  1.344953e+01  <samplecontainer>  <PE>  <SE> 
    135      32  4.803223e+00  4.803223e+00  3.112e-05 -6.245057e+00 -1.067695e+01  1.000000e+00 -4.873e+00 -1.222e+01 -2.702e+00  5.572193e-01  2.722578e-01  7.844631e-01 -3.592616e+00  1.643914e+01  <LogSample>  <DielIoni>  <SE> 
    135      27  2.926241e+00  2.926241e+00  3.689e-05  2.162705e-01 -6.538984e+00  1.000000e+00 -5.013e+00 -1.171e+01 -3.001e+00  9.490686e-01  2.087828e-01  2.359629e-01 -4.664123e+00  1.471817e+01  <LogSample>  <DielIoni>  <SE> 
    135      25  2.128583e+00  2.128583e+00  1.199e-05 -5.343507e+00 -1.020694e+01  1.000000e+00 -5.469e+00 -1.088e+01 -3.066e+00  7.111759e-01  2.454052e-01  6.587906e-01 -3.066293e+00  1.276080e+01  <LogSample>  <DielIoni>  <SE> 
    135      19  4.768867e+00  4.768867e+00  2.236e-05 -4.160262e+00 -6.994614e+00  1.000000e+00 -6.929e+00 -7.335e+00 -4.569e+00  5.043157e-01  6.362238e-01  5.838535e-01 -4.568882e+00  1.009000e+01  <LogSample>  <DielIoni>  <SE> 
    135       3  3.239819e+01  3.239819e+01  1.413e-06 -1.555653e+00 -1.344237e+00  1.000000e+00  0.000e+00  1.033e-02 -3.214e-01 -4.199853e-01 -7.541060e-01  5.049124e-01 -3.866160e-01  2.055974e+00  <LogSample>  <DielIoni>  <SE> 
    135      58  3.245211e+00  3.245211e+00  2.588e-06 -1.124909e+00  3.894551e-01  1.000000e+00 -5.087e-01 -3.799e-02 -6.204e-01 -4.662442e-01 -2.093641e-02  8.844083e-01 -6.204409e-01  1.190418e+00  <LogSample>  <DielIoni>  <SE> 
    135      63  6.074217e+00  6.074217e+00  2.313e-06  1.099232e+00  1.188192e+00  1.000000e+00  2.796e-01  1.581e-01 -5.722e-01  2.858335e-01  1.892219e-01  9.394117e-01 -5.721902e-01  1.618676e+00  <LogSample>  <DielIoni>  <SE> 
    135      62  1.051489e+01  1.051489e+01  1.541e-06  5.190461e-01  9.411653e-01  1.000000e+00 -6.066e-02  2.748e-01 -7.876e-02  5.905275e-01  1.513713e-01  7.926942e-01 -1.973347e-01  1.074803e+00  <LogSample>  <DielIoni>  <SE> 
    136      62  4.866402e+00  4.866402e+00  1.872e-05 -8.589730e-02  6.538648e+00  1.000000e+00 -3.711e+00  2.562e+00 -4.628e+00 -4.287324e-04  6.681911e-01  7.439896e-01 -5.026453e+00  7.189582e+00  <LogSample>  <DielIoni>  <SE> 
    137       2  9.689229e+00  9.689229e+00  6.212e-06  2.064041e+00  3.797026e+00  1.000000e+00  1.037e-01  1.077e-01 -1.457e+00  4.564673e-01  1.930466e-01  8.685451e-01 -2.069870e+00  4.321767e+00  <LogSample>  <DielIoni>  <SE> 
    138       1  9.884061e+02  9.884061e+02  1.511e-06  7.919804e+00 -1.197774e+01  1.000000e+00  0.000e+00  0.000e+00  1.000e+01  7.531616e-01 -6.357202e-01  1.691372e-01 -2.939345e+00  1.435930e+01  <samplecontainer>  <PE>  <BSE> 
    139       1  6.934666e+02  6.934666e+02  1.487e-06  5.004912e+00 -1.854506e+00  1.000000e+00  0.000e+00  0.000e+00  1.000e+01  5.532520e-01 -5.897185e-01  5.883403e-01 -4.578798e+00  5.337447e+00  <samplecontainer>  <PE>  <BSE> 
    139      24  1.187079e+00  1.187079e+00  1.095e-05  1.267591e+00 -2.241475e+00  1.000000e+00  7.202e-01 -1.509e+00 -1.781e+00  4.321606e-01 -1.666214e-01  8.862700e-01 -1.781043e+00  2.575073e+00  <LogSample>  <DielIoni>  <SE> 
    139      22  4.884015e+00  4.884015e+00  1.177e-05  5.440606e-01  8.213249e-01  1.000000e+00  6.158e-01 -7.450e-01 -5.701e-01 -7.161040e-02  7.839469e-01  6.166840e-01 -2.281121e+00  1.494124e+00  <LogSample>  <DielIoni>  <SE> 
    139      21  9.684727e+00  9.684727e+00  4.902e-06 -5.031093e+00 -5.908741e+00  1.000000e+00  4.725e-01 -9.531e-01 -7.401e-01 -7.187720e-01 -6.787708e-01  1.504560e-01 -7.400500e-01  7.760484e+00  <LogSample>  <DielIoni>  <SE> 
    139      19  1.070847e+01  1.070847e+01  2.154e-06 -6.849835e-01 -2.465771e-01  1.000000e+00  5.228e-03 -1.912e-02 -5.216e-01 -7.284702e-01  3.010391e-02  6.844158e-01 -7.895090e-01  7.280129e-01  <LogSample>  <DielIoni>  <SE> 
    140       1  9.289041e+02  9.289041e+02  1.528e-06 -9.267077e+00 -1.040833e+01  1.000000e+00  0.000e+00  0.000e+00  1.000e+01 -5.313551e-01 -4.150498e-01  7.385089e-01 -4.603327e+00  1.393600e+01  <samplecontainer>  <PE>  <BSE> 
    142       2  5.897806e+00  5.897806e+00  2.782e-06 -2.017625e-01  6.486245e-01  1.000000e+00  3.061e-02  1.364e-02 -7.338e-01  2.846267e-02  6.946599e-01  7.187750e-01 -7.337560e-01  7.089009e-01  <LogSample>  <DielIoni>  <SE> 
    149       2  1.586049e+02  1.586049e+02  1.406e-06  2.963865e+00 -1.389999e+00  1.000000e+00 -1.738e-03  1.334e-02 -4.827e-01  9.304407e-01 -1.393314e-02  3.661775e-01 -1.534426e+00  3.273621e+00  <LogSample>  <DielIoni>  <BSE> 
    151       1  1.001828e+03  1.001828e+03  1.987e-06  1.018863e+01 -1.456717e+01  1.000000e+00  0.000e+00  0.000e+00  1.000e+01 -9.234721e-04 -6.191953e-01  7.852365e-01 -3.199227e+00  1.777669e+01  <samplecontainer>  <PE>  <BSE> 
    151      14  1.256954e+01  1.256954e+01  7.047e-06  5.950288e+00 -1.125061e+01  1.000000e+00  9.963e+00 -1.264e+01 -3.037e+00  4.401890e-01 -5.551111e-01  7.057516e-01 -3.037005e+00  1.609767e+01  <LogSample>  <DielIoni>  <SE> 
    151       3  6.763441e+00  6.763441e+00  7.634e-06  2.335673e+00  3.531524e+00  1.000000e+00  1.891e+00  3.073e+00 -2.690e+00  1.626175e-01  4.113754e-01  8.968422e-01 -2.737738e+00  5.051861e+00  <LogSample>  <DielIoni>  <SE> 
    152      28  8.984660e+00  8.984660e+00  5.965e-06 -5.293768e+00 -3.512660e+00  1.000000e+00 -1.943e+00 -7.394e+00 -1.223e+00 -6.426610e-01  7.056830e-01  2.983259e-01 -1.222936e+00  7.644802e+00  <LogSample>  <DielIoni>  <SE> 
    152      22  4.740917e+00  4.740917e+00  8.401e-06  3.330162e+00 -7.403877e+00  1.000000e+00 -2.275e+00 -8.334e+00 -6.817e-01  9.521456e-01  1.183567e-01  2.817985e-01 -1.363114e+00  8.695465e+00  <LogSample>  <DielIoni>  <SE> 
    152      21  8.448278e+00  8.448278e+00  6.276e-06 -3.164216e+00 -6.889829e+00  1.000000e+00 -2.463e+00 -8.663e+00 -6.411e-01 -1.439818e-01  4.072614e-01  9.018910e-01 -1.544133e+00  9.005991e+00  <LogSample>  <DielIoni>  <SE> 
    152      33  2.883072e+00  2.883072e+00  3.497e-06 -2.043400e+00 -1.096740e+01  1.000000e+00 -2.775e+00 -1.150e+01 -2.853e-01  3.923560e-01  1.251172e-01  9.112642e-01 -3.397477e-01  1.187539e+01  <LogSample>  <DielIoni>  <SE> 
    152      13  6.145301e+00  6.145301e+00  6.991e-06  3.300205e+00 -1.000906e+01  1.000000e+00 -2.829e+00 -1.193e+01 -3.156e-01  9.406868e-01  3.074824e-01  1.433981e-01 -3.299940e-01  1.264348e+01  <LogSample>  <DielIoni>  <SE> 
    152      11  2.912624e+00  2.912624e+00  1.429e-05 -1.813200e+00 -1.390732e+01  1.000000e+00 -4.306e+00 -1.218e+01 -1.918e+00 -8.063596e-01 -3.989058e-01  4.366443e-01 -1.918346e+00  1.402502e+01  <LogSample>  <DielIoni>  <SE> 
    152       2  6.255447e+00  6.255447e+00  3.677e-06 -1.941514e+00  1.247412e+00  1.000000e+00  0.000e+00  1.130e-02 -1.290e+00 -8.195831e-01  3.861873e-01  4.232527e-01 -1.290444e+00  2.307708e+00  <LogSample>  <DielIoni>  <SE> 
    154       3  6.857897e+00  6.857897e+00  6.246e-06 -1.310886e+00  2.838516e-01  1.000000e+00  3.338e-01 -1.650e-01 -2.016e+00  5.775817e-01  2.609228e-01  7.735106e-01 -2.015550e+00  2.128269e+00  <LogSample>  <DielIoni>  <SE> 
    155      63  1.426751e+01  1.426751e+01  3.390e-06 -2.062115e+00 -2.102915e+00  1.000000e+00 -5.971e-01 -3.800e-02 -4.489e-01 -1.510396e-01 -8.126611e-01  5.628223e-01 -7.350213e-01  2.945262e+00  <LogSample>  <DielIoni>  <SE> 
    155       2  1.774400e+01  1.774400e+01  1.908e-06  2.700579e-01  4.903229e-01  1.000000e+00  0.000e+00  1.033e-02 -3.189e-01 -2.012421e-01 -1.021943e-01  9.741961e-01 -8.862693e-01  1.031968e+00  <LogSample>  <DielIoni>  <SE> 
    156      51  2.908267e+00  2.908267e+00  2.299e-05  1.929121e+01  1.628090e+01  1.000000e+00  1.556e+01  1.658e+01 -4.574e+00  6.851992e-01 -3.719739e-01  6.262088e-01 -4.811828e+00  2.524319e+01  <LogSample>  <DielIoni>  <SE> 
    156      55  4.569965e+00  4.569965e+00  1.815e-05  1.320130e+01  1.658883e+01  1.000000e+00  1.541e+01  1.642e+01 -4.267e+00 -3.844910e-01  9.039109e-02  9.186926e-01 -4.658943e+00  2.275565e+01  <LogSample>  <DielIoni>  <SE> 
    156       2  3.197893e+00  3.197893e+00  5.306e-06  5.537075e-01  1.353483e+00  1.000000e+00  0.000e+00  1.074e-02 -7.348e-01  7.258340e-01  3.096944e-01  6.142103e-01 -1.331386e+00  1.462363e+00  <LogSample>  <DielIoni>  <SE> 
    160       1  2.466759e+01  2.466759e+01  4.423e-06 -2.986667e+00 -9.831020e+00  1.000000e+00  0.000e+00  0.000e+00  1.000e+01 -3.090000e-01 -8.207027e-01  4.805893e-01 -1.197636e+01  1.205603e+01  <samplecontainer>  <PE>  <SE> 
    160      36  1.745439e+01  1.745439e+01  5.038e-06 -2.510094e+00 -1.020118e+01  1.000000e+00 -2.211e+00 -8.066e+00 -9.456e-02 -1.658530e-01 -8.698438e-01  4.646122e-01 -5.318604e-01  1.050546e+01  <LogSample>  <DielIoni>  <SE> 
    160      35  2.005205e+01  2.005205e+01  4.193e-06 -2.946727e+00 -7.261795e+00  1.000000e+00 -2.162e+00 -7.829e+00 -1.853e-01 -4.384968e-01  4.147623e-01  7.973035e-01 -2.906263e-01  8.212989e+00  <LogSample>  <DielIoni>  <SE> 
    160      34  1.316159e+01  1.316159e+01  4.847e-06 -1.829726e+00 -7.941868e+00  1.000000e+00 -2.230e+00 -7.890e+00 -3.111e-01  1.760613e-01 -4.038898e-01  8.977056e-01 -6.915566e-01  8.198867e+00  <LogSample>  <DielIoni>  <SE> 
    160      31  1.289702e+01  1.289702e+01  5.632e-06 -1.125863e+00 -7.247490e+00  1.000000e+00 -2.635e+00 -7.994e+00 -8.272e-01  4.277572e-01  4.276065e-01  7.963520e-01 -8.272342e-01  8.511415e+00  <LogSample>  <DielIoni>  <SE> 
    161       1  7.280919e+02  7.280919e+02  2.041e-06  4.920373e+00  2.187998e+01  1.000000e+00  0.000e+00  0.000e+00  1.000e+01  7.030564e-01  6.224591e-01  3.438843e-01 -4.195658e+00  2.242641e+01  <samplecontainer>  <PE>  <BSE> 
    162      47  5.891403e+00  5.891403e+00  1.200e-05 -1.328018e+00  1.500824e+00  1.000000e+00 -9.946e-01  3.155e+00 -5.014e+00 -2.020015e-01 -2.694509e-01  9.415899e-01 -5.014107e+00  3.384213e+00  <LogSample>  <DielIoni>  <SE> 
    162      53  4.754436e+00  4.754436e+00  5.443e-06  1.640003e+00  1.559639e+00  1.000000e+00  7.720e-02 -9.178e-01 -2.313e+00  7.561508e-01 -2.784185e-01  5.922154e-01 -2.313066e+00  2.263202e+00  <LogSample>  <DielIoni>  <SE> 
    162      59  1.456548e+00  1.456548e+00  2.806e-05  4.704166e+00 -1.054942e+01  1.000000e+00 -8.141e-02 -1.060e+00 -2.114e+00 -3.353380e-01 -6.032011e-01  7.236690e-01 -2.965456e+00  1.155073e+01  <LogSample>  <DielIoni>  <SE> 
    162      54  5.322698e+00  5.322698e+00  7.055e-06  1.836679e+00  7.514204e-01  1.000000e+00 -2.984e-02 -5.895e-01 -1.738e+00  4.186213e-01  8.396320e-01  3.460842e-01 -1.737634e+00  2.102034e+00  <LogSample>  <DielIoni>  <SE> 
    164      69  2.629474e+00  2.629474e+00  2.244e-05 -2.469086e+00 -1.852476e+00  1.000000e+00  6.147e-01 -4.622e-02 -4.424e+00  6.892728e-01  7.925442e-02  7.201540e-01 -4.483156e+00  5.642694e+00  <LogSample>  <DielIoni>  <SE> 
    164       2  1.240113e+01  1.240113e+01  4.058e-06  7.209945e-01 -1.668181e+00  1.000000e+00  0.000e+00  1.110e-02 -1.092e+00  4.577017e-01 -7.107697e-01  5.341495e-01 -1.930643e+00  1.817323e+00  <LogSample>  <DielIoni>  <SE> 
    165       1  1.097966e+03  1.097966e+03  1.068e-06  4.513258e+00 -7.616113e+00  1.000000e+00  0.000e+00  0.000e+00  1.000e+01  3.352830e-01 -4.383068e-01  8.339499e-01 -2.818498e+00  8.852947e+00  <samplecontainer>  <PE>  <BSE> 
    168       2  5.481319e+01  5.481319e+01  1.054e-06 -1.311459e+00  1.114111e+00  1.000000e+00 -6.431e-03 -4.888e-02 -5.560e-01 -3.969949e-01  3.858386e-01  8.327806e-01 -6.144903e-01  1.720804e+00  <LogSample>  <DielIoni>  <BSE> 
    169       1  1.104649e+03  1.104649e+03  7.737e-07  9.214456e-01 -4.287222e-01  1.000000e+00  0.000e+00  0.000e+00  1.000e+01  2.224632e-01 -2.004346e-01  9.541154e-01 -2.147112e+00  1.016300e+00  <samplecontainer>  <PE>  <BSE> 
    169       2  2.964468e+00  2.964468e+00  1.299e-05  1.527449e+00 -2.310934e+00  1.000000e+00  0.000e+00  1.135e-02 -1.347e+00  2.439031e-01  5.445034e-02  9.682698e-01 -1.347048e+00  3.531790e+00  <LogSample>  <DielIoni>  <SE> 
    172       1  8.138357e+02  8.138357e+02  2.216e-06  1.089210e+01  7.506568e+00  1.000000e+00  0.000e+00  0.000e+00  1.000e+01 -2.564009e-01 -6.600191e-01  7.061397e-01 -6.359370e+00  1.841388e+01  <samplecontainer>  <PE>  <BSE> 
    172       3  1.090116e+01  1.090116e+01  3.608e-06  3.856275e+00  1.780906e+00  1.000000e+00  1.895e+00  2.449e+00 -3.833e-01  8.112593e-01 -3.606356e-01  4.602177e-01 -8.316526e-01  4.247644e+00  <LogSample>  <DielIoni>  <SE> 
    173       2  9.227828e+00  9.227828e+00  1.906e-06 -4.561327e-01  9.047576e-01  1.000000e+00  0.000e+00  1.089e-02 -8.818e-01 -1.598487e-01  4.088539e-01  8.984915e-01 -8.818392e-01  1.013234e+00  <LogSample>  <DielIoni>  <SE> 
    179      27  1.443074e+01  1.443074e+01  5.645e-06  2.847416e+00 -1.090624e+01  1.000000e+00  1.793e+00 -1.104e+01 -1.912e+00  5.626209e-02 -2.984247e-02  9.979699e-01 -1.911637e+00  1.147688e+01  <LogSample>  <DielIoni>  <SE> 
    180       1  5.440159e+02  5.440159e+02  4.046e-06 -2.468541e+01 -2.041895e+00  1.000000e+00  0.000e+00  0.000e+00  1.000e+01  7.840702e-01 -1.800647e-02  6.204109e-01 -1.212359e+01  3.225751e+01  <samplecontainer>  <PE>  <BSE> 
    180      35  3.936558e+00  3.936558e+00  9.079e-06 -1.410594e+01 -1.152698e+01  1.000000e+00 -1.428e+01 -1.068e+01 -4.534e+00  7.024706e-02 -7.236550e-01  6.865776e-01 -4.534351e+00  1.821672e+01  <LogSample>  <DielIoni>  <SE> 
    182       2  3.360114e+00  3.360114e+00  3.454e-06  1.884485e-02  1.150120e-02  1.000000e+00  0.000e+00  1.130e-02 -1.296e+00 -3.173631e-01  2.392366e-01  9.176309e-01 -1.429561e+00  1.094522e+00  <LogSample>  <DielIoni>  <SE> 
    184       3  2.807370e+00  2.807370e+00  1.731e-05 -7.951270e-02 -2.947755e+00  1.000000e+00  4.459e-02  5.657e-02 -1.726e+00 -3.121768e-01 -8.069089e-01  5.014417e-01 -3.173432e+00  2.948827e+00  <LogSample>  <DielIoni>  <SE> 
    188       6  3.162378e+00  3.162378e+00  4.236e-05 -3.854673e+00 -1.068761e+01  1.000000e+00  2.394e-01 -1.205e+00 -6.017e+00 -1.834040e-01  3.013169e-01  9.357196e-01 -7.038136e+00  1.162580e+01  <LogSample>  <DielIoni>  <SE> 
    189       7  5.883634e+01  5.883634e+01  1.107e-06  9.399388e-01 -5.230913e+00  1.000000e+00  1.202e+00 -5.128e+00 -6.393e-01 -9.708835e-02 -4.239295e-02  9.943725e-01 -6.393286e-01  5.314691e+00  <LogSample>  <DielIoni>  <BSE> 
    189       3  1.375868e+01  1.375868e+01  1.341e-06  8.681500e-01 -3.924627e+00  1.000000e+00  7.599e-01 -4.166e+00 -5.574e-01  7.600865e-02  1.695090e-01  9.825932e-01 -5.573996e-01  4.234739e+00  <LogSample>  <DielIoni>  <SE> 
    197       1  9.506175e+02  9.506175e+02  2.024e-06 -1.347039e+01  1.015007e+01  1.000000e+00  0.000e+00  0.000e+00  1.000e+01 -8.116113e-01  3.588555e-01  4.609879e-01 -6.067822e+00  1.686640e+01  <samplecontainer>  <PE>  <BSE> 
    199       1  1.218152e+03  1.218152e+03  7.772e-07  3.870780e-01  4.800716e+00  1.000000e+00  0.000e+00  0.000e+00  1.000e+01  1.504289e-01  8.545455e-01  4.971147e-01 -9.253192e-01  4.816296e+00  <samplecontainer>  <PE>  <BSE> 
    205      23  3.040579e+00  3.040579e+00  3.377e-05 -1.156364e+00 -1.409798e+01  1.000000e+00  3.380e+00 -1.069e+01 -4.015e+00 -5.472594e-01 -2.600991e-01  7.955222e-01 -5.225298e+00  1.429549e+01  <LogSample>  <DielIoni>  <SE> 
    205      39  5.321691e+00  5.321691e+00  1.387e-05  2.215004e-01 -1.169337e+01  1.000000e+00  3.184e+00 -1.040e+01 -3.741e+00  6.793787e-01  5.850583e-01  4.428897e-01 -3.740564e+00  1.370814e+01  <LogSample>  <DielIoni>  <SE> 
    205      72  8.285213e-01  8.285213e-01  1.686e-05 -5.496324e-01  6.276568e-01  1.000000e+00 -5.287e-01  7.490e-01 -1.406e+00 -5.750549e-01 -1.512208e-01  8.040175e-01 -2.402836e+00  2.010808e+00  <LogSample>  <DielIoni>  <SE> 
    208      16  5.628343e+00  5.628343e+00  1.030e-05 -5.220537e+00 -4.472790e+00  1.000000e+00 -5.629e+00 -1.181e+00 -1.492e+00 -4.714859e-01 -4.836214e-01  7.374357e-01 -1.492145e+00  6.920751e+00  <LogSample>  <DielIoni>  <SE> 
    208       3  1.033720e+01  1.033720e+01  3.303e-06 -3.124022e+00  3.667812e-01  1.000000e+00 -9.871e-01 -3.623e-01 -1.123e+00 -6.249452e-01  2.861807e-01  7.263223e-01 -1.122977e+00  3.145480e+00  <LogSample>  <DielIoni>  <SE> 
    210       2  6.444158e+00  6.444158e+00  3.987e-05 -1.527668e+00 -2.571442e+00  1.000000e+00 -2.913e-01  4.127e-01 -2.978e+00 -7.732703e-01 -4.167710e-01  4.778651e-01 -4.778665e+00  3.405396e+00  <LogSample>  <DielIoni>  <SE> 
    211       1  6.952081e+02  6.952081e+02  2.074e-06 -1.482628e+01  1.258176e+01  1.000000e+00  0.000e+00  0.000e+00  1.000e+01 -7.851770e-01  5.989064e-02  6.163686e-01 -6.989173e+00  1.944529e+01  <samplecontainer>  <PE>  <BSE> 
    212       1  9.933900e+02  9.933900e+02  1.440e-06  1.039802e+01  8.572331e+00  1.000000e+00  0.000e+00  0.000e+00  1.000e+01  7.624124e-01  5.225256e-01  3.816993e-01 -3.683472e+00  1.347604e+01  <samplecontainer>  <PE>  <BSE> 
    214      54  1.612301e+00  1.612301e+00  1.293e-05 -3.640515e+00 -6.585502e-01  1.000000e+00 -3.203e+00  7.467e-01 -2.942e+00 -3.816193e-01  4.325567e-01  8.168607e-01 -2.942415e+00  3.851967e+00  <LogSample>  <DielIoni>  <SE> 
    215      36  5.457991e+00  5.457991e+00  6.809e-06  8.004369e+00 -1.018087e+00  1.000000e+00  7.256e+00 -1.347e+00 -1.058e+00 -4.962402e-01 -2.519937e-01  8.308097e-01 -1.350566e+00  8.803885e+00  <LogSample>  <DielIoni>  <SE> 
    215      44  4.187358e+00  4.187358e+00  5.851e-06  7.240115e+00 -2.963585e-01  1.000000e+00  7.309e+00 -9.351e-01 -6.826e-01  2.062104e-01 -4.587099e-01  8.643278e-01 -1.031133e+00  7.712224e+00  <LogSample>  <DielIoni>  <SE> 
    215      29  1.001040e+01  1.001040e+01  4.515e-06  6.783911e+00 -4.086534e-01  1.000000e+00  6.574e+00 -1.146e+00 -2.822e-01  3.924178e-01  6.169931e-01  6.821494e-01 -3.810390e-01  6.796208e+00  <LogSample>  <DielIoni>  <SE> 
    215      28  1.468117e+01  1.468117e+01  3.856e-06  5.387298e+00 -1.378240e+00  1.000000e+00  6.314e+00 -9.223e-01 -2.734e-01 -5.932709e-01 -2.918912e-01  7.502194e-01 -2.734117e-01  6.381097e+00  <LogSample>  <DielIoni>  <SE> 
    217       1  1.150337e+03  1.150337e+03  6.710e-07 -1.605205e+00  1.006935e+00  1.000000e+00  0.000e+00  0.000e+00  1.000e+01 -5.693516e-01  2.597058e-01  7.799947e-01 -1.095077e+00  1.894889e+00  <samplecontainer>  <PE>  <BSE> 
    217       5  7.213013e+00  7.213013e+00  2.030e-06 -1.172040e-01  4.551127e-01  1.000000e+00 -5.942e-01  6.511e-01 -3.953e-01  5.905569e-01 -3.056317e-01  7.468814e-01 -4.641697e-01  1.438384e+00  <LogSample>  <DielIoni>  <SE> 
    217       4  6.222362e+00  6.222362e+00  2.568e-06  1.383503e+00  1.086003e+00  1.000000e+00 -6.006e-01  5.810e-01 -3.816e-01  8.737734e-01  4.557436e-02  4.841931e-01 -6.116071e-01  1.758830e+00  <LogSample>  <DielIoni>  <SE> 
    219       1  6.534462e+00  6.534462e+00  1.071e-05 -7.600088e-01 -4.304282e+00  1.000000e+00  0.000e+00  0.000e+00  1.000e+01 -7.774563e-01  5.072451e-01  3.718389e-01 -1.464723e+01  1.036262e+01  <samplecontainer>  <PE>  <SE> 
    219      53  4.429488e-01  4.429488e-01  2.888e-05  5.772343e+00 -7.081488e+00  1.000000e+00  2.742e+00 -5.564e+00 -3.290e+00 -6.807053e-01 -4.786343e-01  5.545714e-01 -4.008142e+00  9.370253e+00  <LogSample>  <DielIoni>  <SE> 
    219      74  3.112189e+00  3.112189e+00  4.535e-06  2.892928e-01 -3.822014e-01  1.000000e+00  1.982e-01 -1.985e-01 -3.608e-01 -9.614231e-02  6.241018e-01  7.754054e-01 -8.861060e-01  1.267998e+00  <LogSample>  <DielIoni>  <SE> 
    219      72  3.652689e+00  3.652689e+00  5.869e-06 -2.372926e+00 -1.363686e+00  1.000000e+00  2.733e-02  2.790e-02 -6.238e-01 -6.161965e-02 -1.048403e-01  9.925782e-01 -1.028111e+00  2.736862e+00  <LogSample>  <DielIoni>  <SE> 
    221       1  1.163537e+03  1.163537e+03  1.116e-06  3.448534e+00 -1.915941e+00  1.000000e+00  0.000e+00  0.000e+00  1.000e+01  6.413539e-01 -2.743445e-01  7.165196e-01 -4.686387e+00  3.945025e+00  <samplecontainer>  <PE>  <BSE> 
    222       1  7.411723e+02  7.411723e+02  1.941e-06  6.917226e+00 -1.473111e+01  1.000000e+00  0.000e+00  0.000e+00  1.000e+01  6.232308e-01 -4.570723e-01  6.345615e-01 -8.826391e+00  1.627432e+01  <samplecontainer>  <PE>  <BSE> 
    222      18  3.635290e+00  3.635290e+00  4.145e-05  7.199811e+00 -1.216215e+01  1.000000e+00  3.425e+00 -9.628e+00 -3.167e+00  7.130646e-01  1.283688e-01  6.892462e-01 -3.258760e+00  1.413348e+01  <LogSample>  <DielIoni>  <SE> 
    227       3  2.661931e+00  2.661931e+00  5.118e-06 -7.411895e-01  2.093433e-01  1.000000e+00 -3.896e-02  2.129e-03 -1.290e+00 -7.728399e-02 -1.062582e-01  9.913306e-01 -1.289878e+00  7.701860e-01  <LogSample>  <DielIoni>  <SE> 
    228       2  3.412115e+00  3.412115e+00  9.686e-06  3.553283e+00  2.204444e-01  1.000000e+00  0.000e+00  1.297e-02 -2.973e+00 -1.063800e-01  3.073867e-01  9.456198e-01 -3.277792e+00  3.697495e+00  <LogSample>  <DielIoni>  <SE> 
    231      67  6.762004e+00  6.762004e+00  3.808e-06 -2.112660e+00  1.618763e+00  1.000000e+00 -3.262e-01  1.037e+00 -7.407e-01  1.159728e-01  4.086488e-01  9.052936e-01 -7.407121e-01  2.661527e+00  <LogSample>  <DielIoni>  <SE> 
    233       3  2.634098e+02  2.634098e+02  2.453e-06  3.858942e+00 -3.334064e+00  1.000000e+00  1.078e-01  2.632e-01 -4.514e+00  1.222012e-01 -8.906918e-01  4.378756e-01 -9.841028e+00  5.099747e+00  <LogSample>  <DielIoni>  <BSE> 
    236       1  1.249910e+03  1.249910e+03  5.594e-07  7.794434e-01  3.387983e-01  1.000000e+00  0.000e+00  0.000e+00  1.000e+01  5.246234e-01  2.211495e-01  8.221090e-01 -2.230713e-01  8.498919e-01  <samplecontainer>  <PE>  <BSE> 
    242       1  9.609363e+02  9.609363e+02  3.020e-06 -1.806892e+00  2.111621e+01  1.000000e+00  0.000e+00  0.000e+00  1.000e+01 -3.444291e-01  4.909044e-01  8.002384e-01 -2.042119e+01  2.119337e+01  <samplecontainer>  <PE>  <BSE> 
    245       1  1.064777e+03  1.064777e+03  1.228e-06 -1.086997e+01  9.062471e-01  1.000000e+00  0.000e+00  0.000e+00  1.000e+01 -8.068636e-01  4.193198e-01  4.161034e-01 -3.556451e+00  1.090768e+01  <samplecontainer>  <PE>  <BSE> 
    245       2  8.304000e+01  8.304000e+01  6.826e-07 -4.483202e-01 -1.300363e-01  1.000000e+00  0.000e+00  1.001e-02 -1.787e-03 -4.052446e-01 -1.265919e-01  9.054012e-01 -1.786616e-03  4.667980e-01  <LogSample>  <DielIoni>  <BSE> 
    247      71  5.383403e+00  5.383403e+00  8.273e-06  1.305928e+00  4.077170e+00  1.000000e+00 -1.568e-02 -2.353e-02 -2.683e+00 -1.851768e-01 -6.004961e-02  9.808688e-01 -2.682548e+00  4.458076e+00  <LogSample>  <DielIoni>  <SE> 
    250       1  8.246041e+02  8.246041e+02  1.593e-06 -1.475054e+01 -5.362625e+00  1.000000e+00  0.000e+00  0.000e+00  1.000e+01 -3.856787e-01 -3.382248e-01  8.584031e-01 -4.494896e+00  1.569510e+01  <samplecontainer>  <PE>  <BSE> 
    250      19  1.012539e+01  1.012539e+01  1.322e-05 -1.082816e+00 -1.130025e+00  1.000000e+00  1.372e-01  1.404e-01 -1.256e+00  1.679970e-01 -7.969326e-02  9.825609e-01 -2.646622e+00  4.026508e+00  <LogSample>  <DielIoni>  <SE> 
    251       1  8.121492e+02  8.121492e+02  1.710e-06  1.031688e+01  1.321413e+01  1.000000e+00  0.000e+00  0.000e+00  1.000e+01  1.922660e-01  1.405086e-01  9.712318e-01 -4.393274e+00  1.676458e+01  <samplecontainer>  <PE>  <BSE> 
    251      12  2.093923e+01  2.093923e+01  2.288e-06  1.060448e+01  1.299812e+01  1.000000e+00  9.859e+00  1.289e+01 -8.133e-01  4.221425e-01  1.699217e-02  9.063702e-01 -8.401273e-01  1.677517e+01  <LogSample>  <DielIoni>  <SE> 
    251       7  1.637674e+00  1.637674e+00  2.750e-05  2.864488e+00  2.339338e+00  1.000000e+00  2.164e+00  2.222e+00 -4.393e+00 -4.136801e-01  1.393592e-01  8.996932e-01 -4.441184e+00  4.707671e+00  <LogSample>  <DielIoni>  <SE> 
    254       4  2.051973e+00  2.051973e+00  4.122e-06  6.597578e-01  3.551298e-01  1.000000e+00 -2.398e-02 -2.145e-02 -1.558e+00 -6.126974e-01 -2.128543e-01  7.611143e-01 -1.557646e+00  1.704580e+00  <LogSample>  <DielIoni>  <SE> 
    254       3  1.973963e+00  1.973963e+00  4.113e-06  2.741860e+00  1.378840e+00  1.000000e+00 -7.587e-03  5.883e-03 -9.712e-01  4.388094e-01  3.760908e-01  8.160895e-01 -1.037663e+00  3.069038e+00  <LogSample>  <DielIoni>  <SE> 
    255       1  5.897912e+02  5.897912e+02  1.667e-06 -9.455061e+00 -2.090636e+00  1.000000e+00  0.000e+00  0.000e+00  1.000e+01 -7.055216e-01 -8.222572e-02  7.039022e-01 -7.111256e+00  9.683436e+00  <samplecontainer>  <PE>  <BSE> 
    255      37  9.814667e-01  9.814667e-01  6.206e-05  4.273163e+00 -2.650608e+00  1.000000e+00 -5.481e-01 -7.174e-01 -7.846e+00 -2.181535e-01 -1.970428e-01  9.558154e-01 -7.959853e+00  7.059883e+00  <LogSample>  <DielIoni>  <SE> 
    256       1  1.167915e+03  1.167915e+03  1.065e-06 -4.597132e+00  4.418685e+00  1.000000e+00  0.000e+00  0.000e+00  1.000e+01 -4.085089e-01  5.653569e-01  7.165836e-01 -4.258048e+00  6.376394e+00  <samplecontainer>  <PE>  <BSE> 
    261       1  6.315432e+02  6.315432e+02  2.773e-06  6.054169e+00  1.675103e+01  1.000000e+00  0.000e+00  0.000e+00  1.000e+01  9.268048e-01  1.509441e-01  3.438732e-01 -7.595445e+00  1.781151e+01  <samplecontainer>  <PE>  <BSE> 
    261       2  1.716042e+00  1.716042e+00  2.729e-06 -1.060977e-01 -3.398823e-01  1.000000e+00  0.000e+00  1.043e-02 -4.203e-01  4.640167e-02  2.059453e-01  9.774627e-01 -1.016718e+00  6.459673e-01  <LogSample>  <DielIoni>  <SE> 
    261      34  5.756693e+00  5.756693e+00  1.714e-06  7.783307e-02 -9.670245e-01  1.000000e+00 -6.550e-03 -4.188e-01 -3.939e-01  2.807506e-01 -2.534585e-01  9.257094e-01 -3.939053e-01  9.701517e-01  <LogSample>  <DielIoni>  <SE> 
    265      51  6.409954e+00  6.409954e+00  1.518e-05 -4.341638e+00 -4.464162e+00  1.000000e+00 -1.358e+00 -1.990e+00 -3.504e+00 -6.474111e-01  7.824610e-02  7.581137e-01 -3.504363e+00  6.227244e+00  <LogSample>  <DielIoni>  <SE> 
    268       2  6.975801e+00  6.975801e+00  1.118e-05 -1.939322e+00  6.737793e+00  1.000000e+00 -5.079e-01  4.676e-01 -2.242e+00  1.192253e-01  9.426704e-01  3.117014e-01 -2.242133e+00  7.011335e+00  <LogSample>  <DielIoni>  <SE> 
    269      36  3.043949e+00  3.043949e+00  2.128e-05 -2.988090e+00 -1.118413e+01  1.000000e+00 -1.495e+00 -1.127e+01 -7.089e+00 -4.584048e-01 -4.238371e-01  7.811704e-01 -7.658526e+00  1.157641e+01  <LogSample>  <DielIoni>  <SE> 
    269      26  2.681423e+00  2.681423e+00  4.535e-06 -3.143173e+00 -1.164474e+01  1.000000e+00 -4.889e+00 -1.232e+01 -1.297e+00  6.584380e-01  4.583414e-01  5.969779e-01 -1.297017e+00  1.336530e+01  <LogSample>  <DielIoni>  <SE> 
    269      55  1.423185e+01  1.423185e+01  3.529e-06 -4.930429e+00 -1.164897e+01  1.000000e+00 -5.594e+00 -1.204e+01 -6.149e-01 -1.132484e-03  1.764412e-01  9.843105e-01 -6.148758e-01  1.327214e+01  <LogSample>  <DielIoni>  <SE> 
    271       1  1.232956e+03  1.232956e+03  5.885e-07 -1.008458e+00 -8.723631e-01  1.000000e+00  0.000e+00  0.000e+00  1.000e+01 -3.150289e-01 -4.273148e-01  8.474426e-01 -3.902499e-01  1.333419e+00  <samplecontainer>  <PE>  <BSE> 
    272       1  1.334376e+02  1.334376e+02  2.690e-06 -2.526012e+01  1.117688e+01  1.000000e+00  0.000e+00  0.000e+00  1.000e+01  6.049959e-01 -1.618079e-01  7.796141e-01 -4.579296e+00  2.845440e+01  <samplecontainer>  <PE>  <BSE> 
    272      17  7.777062e+00  7.777062e+00  3.821e-06 -2.487678e+01  1.085741e+01  1.000000e+00 -2.539e+01  1.120e+01 -3.548e-01  5.596746e-02 -6.063831e-01  7.932006e-01 -3.548182e-01  2.774780e+01  <LogSample>  <DielIoni>  <SE> 
    272      22  9.195034e+00  9.195034e+00  3.870e-06 -2.705612e+01  1.188149e+01  1.000000e+00 -2.549e+01  1.159e+01 -4.817e-01 -7.302170e-01  2.288539e-01  6.437461e-01 -4.816931e-01  2.955002e+01  <LogSample>  <DielIoni>  <SE> 
    272      13  5.348197e+00  5.348197e+00  5.488e-06 -2.505643e+01  9.472023e+00  1.000000e+00 -2.457e+01  1.077e+01 -7.142e-01 -3.687574e-03 -1.095815e-01  9.939710e-01 -9.664077e-01  2.776098e+01  <LogSample>  <DielIoni>  <SE> 
    272      12  3.916625e+00  3.916625e+00  3.470e-06 -2.283758e+01  1.017954e+01  1.000000e+00 -2.266e+01  1.076e+01 -1.077e+00  4.257005e-02 -1.287657e-01  9.907609e-01 -1.076688e+00  2.511999e+01  <LogSample>  <DielIoni>  <SE> 
    272      26  6.962051e-01  6.962051e-01  7.637e-06 -2.323896e+01  8.345880e+00  1.000000e+00 -2.272e+01  1.049e+01 -7.183e-01 -5.528851e-01 -6.755579e-01  4.877904e-01 -7.722071e-01  2.502769e+01  <LogSample>  <DielIoni>  <SE> 
    272      11  6.272736e+00  6.272736e+00  9.741e-06 -2.182805e+01  1.305778e+01  1.000000e+00 -2.259e+01  1.077e+01 -1.119e+00  3.638147e-01  8.622575e-01  3.523505e-01 -2.645011e+00  2.543559e+01  <LogSample>  <DielIoni>  <SE> 
    272      31  1.261419e+01  1.261419e+01  3.539e-06 -2.397597e+01  1.045281e+01  1.000000e+00 -2.246e+01  1.071e+01 -1.003e+00 -8.107864e-01  2.139875e-02  5.849509e-01 -1.002593e+00  2.615546e+01  <LogSample>  <DielIoni>  <SE> 
    272      35  9.464402e+00  9.464402e+00  4.015e-06 -1.799301e+01  9.551687e+00  1.000000e+00 -1.451e+01  1.061e+01 -1.120e+00 -7.489506e-01 -6.002677e-01  2.806271e-01 -1.120190e+00  2.037114e+01  <LogSample>  <DielIoni>  <SE> 
    272      56  5.606743e+00  5.606743e+00  3.262e-05 -7.235413e+00  3.751944e+00  1.000000e+00 -5.242e+00  3.612e+00 -2.516e+00 -8.658356e-01 -1.212536e-01  4.854135e-01 -5.022138e+00  8.150355e+00  <LogSample>  <DielIoni>  <SE> 
    274       1  1.186519e+03  1.186519e+03  7.499e-07 -2.158701e+00 -1.858382e+00  1.000000e+00  0.000e+00  0.000e+00  1.000e+01 -8.410505e-01  1.063652e-01  5.303966e-01 -5.991457e-01  2.848433e+00  <samplecontainer>  <PE>  <BSE> 
    276       1  3.666832e+02  3.666832e+02  1.952e-06  1.607905e+00  1.226342e+01  1.000000e+00  0.000e+00  0.000e+00  1.000e+01 -1.999353e-01  6.987309e-01  6.868778e-01 -5.198213e+00  1.236838e+01  <samplecontainer>  <PE>  <BSE> 
    276      43  8.443271e-01  8.443271e-01  3.252e-05 -1.591314e+00 -7.030011e+00  1.000000e+00  7.085e-01 -9.980e-01 -2.996e+00  2.089062e-01  4.673762e-01  8.590213e-01 -4.948989e+00  7.875155e+00  <LogSample>  <DielIoni>  <SE> 
    276      48  6.373170e+00  6.373170e+00  1.090e-05 -1.111833e+00 -2.377394e+00  1.000000e+00  7.917e-01 -1.017e+00 -2.958e+00  3.008792e-01  1.936799e-01  9.337879e-01 -3.442245e+00  3.166927e+00  <LogSample>  <DielIoni>  <SE> 
    278       1  9.411381e+02  9.411381e+02  1.433e-06 -7.046998e+00 -9.240273e+00  1.000000e+00  0.000e+00  0.000e+00  1.000e+01 -5.960949e-01 -4.780378e-01  6.450975e-01 -4.557312e+00  1.162079e+01  <samplecontainer>  <PE>  <BSE> 
    292       2  8.032425e+00  8.032425e+00  6.366e-06  2.611490e+00 -1.066968e+00  1.000000e+00  0.000e+00  1.016e-02 -1.466e-01  4.596556e-01  5.542762e-01  6.938982e-01 -9.312045e-01  2.821047e+00  <LogSample>  <DielIoni>  <SE> 
    294      23  1.479059e+00  1.479059e+00  1.048e-05 -6.538890e+00  3.946784e+00  1.000000e+00 -5.700e+00  3.778e+00 -5.338e+00 -3.353425e-01  3.441907e-02  9.414673e-01 -5.338231e+00  7.637682e+00  <LogSample>  <DielIoni>  <SE> 
    295      31  5.303370e+00  5.303370e+00  1.594e-05 -1.470591e+01 -2.562268e+01  1.000000e+00 -1.206e+01 -2.523e+01 -3.666e+00  2.073764e-01 -3.364988e-01  9.185661e-01 -3.665793e+00  2.972995e+01  <LogSample>  <DielIoni>  <SE> 
    296      16  1.795805e+00  1.795805e+00  1.908e-05  8.632549e+00 -2.924279e+00  1.000000e+00  9.948e+00 -3.341e+00 -3.037e+00 -3.016529e-01  8.109302e-01  5.013957e-01 -4.752124e+00  1.049419e+01  <LogSample>  <DielIoni>  <SE> 
    296      42  5.247820e+00  5.247820e+00  9.735e-06  1.144344e+01 -4.585064e+00  1.000000e+00  1.075e+01 -5.969e+00 -1.381e+00  6.115187e-01  4.022300e-02  7.902070e-01 -1.380546e+00  1.315461e+01  <LogSample>  <DielIoni>  <SE> 
    296      45  1.644937e+01  1.644937e+01  3.487e-06  9.987557e+00 -1.018523e+00  1.000000e+00  8.653e+00 -3.712e+00 -1.397e+00  2.449880e-01  7.947015e-01  5.553651e-01 -1.397237e+00  1.003936e+01  <LogSample>  <DielIoni>  <SE> 
    296       9  3.231414e+00  3.231414e+00  2.679e-05  1.561298e+00 -1.435126e+00  1.000000e+00  5.233e+00 -2.350e+00 -2.132e+00  4.781196e-01 -1.798415e-01  8.596852e-01 -3.342103e+00  5.736595e+00  <LogSample>  <DielIoni>  <SE> 
    296       2  3.093021e+02  3.093021e+02  1.028e-06 -4.931816e+00 -1.820493e+00  1.000000e+00  1.162e-02  5.267e-02 -3.455e-01 -7.898873e-01 -4.882191e-01  3.711066e-01 -6.561402e-01  5.257091e+00  <LogSample>  <DielIoni>  <BSE> 
    302       3  1.891311e+02  1.891311e+02  1.195e-06  3.369283e+00  9.946905e-01  1.000000e+00  3.142e-01  4.158e-01 -2.457e+00  1.759457e-01  2.448203e-01  9.534706e-01 -2.469758e+00  3.513044e+00  <LogSample>  <DielIoni>  <BSE> 
    302      53  2.376772e+00  2.376772e+00  6.031e-06  2.658306e+00  8.755421e-01  1.000000e+00  2.747e+00  4.438e-01 -1.667e+00  7.961462e-02  7.987586e-01  5.963608e-01 -2.150687e+00  3.145229e+00  <LogSample>  <DielIoni>  <SE> 
    303      75  2.901186e+00  2.901186e+00  1.145e-05 -1.660031e+00 -7.965283e-01  1.000000e+00  3.076e-01 -1.643e-01 -1.130e+00  7.095860e-01 -2.785357e-01  6.472292e-01 -1.193017e+00  2.981302e+00  <LogSample>  <DielIoni>  <SE> 
    305       1  7.359821e+02  7.359821e+02  2.083e-06  2.165608e+01 -6.533979e-02  1.000000e+00  0.000e+00  0.000e+00  1.000e+01 -1.104764e-01  3.656896e-02  9.932058e-01 -5.625892e+00  2.246390e+01  <samplecontainer>  <PE>  <BSE> 
    308      63  4.812803e+00  4.812803e+00  1.010e-05  1.000584e+00 -1.894753e+00  1.000000e+00 -2.436e-01 -1.368e+00 -2.803e+00 -5.376453e-01  1.323193e-01  8.327239e-01 -3.705283e+00  3.539887e+00  <LogSample>  <DielIoni>  <SE> 
    309       3  9.430236e+00  9.430236e+00  1.852e-06  1.581258e+00 -5.327964e-02  1.000000e+00  1.089e-02 -1.317e-01 -1.320e+00  7.224270e-01  1.509973e-01  6.747585e-01 -1.319780e+00  1.582155e+00  <LogSample>  <DielIoni>  <SE> 
    311       1  1.106915e+03  1.106915e+03  1.708e-06 -1.734523e+01  1.000252e+00  1.000000e+00  0.000e+00  0.000e+00  1.000e+01 -5.351413e-01 -4.882355e-01  6.893837e-01 -3.412649e+00  1.737405e+01  <samplecontainer>  <PE>  <BSE> 
    313       1  1.249933e+03  1.249933e+03  6.210e-07 -2.726301e+00 -5.040920e-01  1.000000e+00  0.000e+00  0.000e+00  1.000e+01 -9.207150e-01 -1.736325e-01  3.494789e-01 -3.624264e-02  2.772513e+00  <samplecontainer>  <PE>  <BSE> 
    314       1  9.060216e+02  9.060216e+02  1.408e-06  1.141450e+01 -9.302165e+00  1.000000e+00  0.000e+00  0.000e+00  1.000e+01  8.421953e-01 -5.172413e-01  1.522122e-01 -2.336276e+00  1.472485e+01  <samplecontainer>  <PE>  <BSE> 
    314       6  1.167164e+01  1.167164e+01  2.317e-06  3.680094e+00 -2.667770e+00  1.000000e+00  3.156e+00 -4.038e+00 -8.302e-01 -2.857699e-01  3.016976e-01  9.095681e-01 -8.302281e-01  5.165734e+00  <LogSample>  <DielIoni>  <SE> 
    315      42  6.305759e-01  6.305759e-01  4.747e-05 -1.210498e+01  7.474449e+00  1.000000e+00 -8.049e+00  7.401e+00 -4.589e+00  2.064430e-01 -1.675789e-02  9.783151e-01 -6.934011e+00  1.471983e+01  <LogSample>  <DielIoni>  <SE> 
    317       1  4.853681e+02  4.853681e+02  2.406e-06 -9.483476e+00  1.439544e+01  1.000000e+00  0.000e+00  0.000e+00  1.000e+01 -6.333463e-01  7.389265e-01  2.299131e-01 -1.072283e+01  1.723847e+01  <samplecontainer>  <PE>  <BSE> 
    317      16  4.622668e+00  4.622668e+00  3.468e-06 -5.845991e+00  1.155776e+01  1.000000e+00 -6.654e+00  1.109e+01 -3.313e-02  6.175420e-01  4.065824e-01  6.732998e-01 -1.655203e-01  1.295212e+01  <LogSample>  <DielIoni>  <SE> 
    317      15  1.297012e+01  1.297012e+01  3.345e-06 -5.163866e+00  1.180817e+01  1.000000e+00 -6.405e+00  1.082e+01 -1.324e-01  1.511746e-01  5.771531e-01  8.025213e-01 -5.473602e-01  1.288792e+01  <LogSample>  <DielIoni>  <SE> 
    319       1  2.631278e+01  2.631278e+01  3.866e-06 -7.939119e+00  3.281012e+00  1.000000e+00  0.000e+00  0.000e+00  1.000e+01  7.069594e-01  4.707404e-01  5.278370e-01 -1.128051e+01  9.847840e+00  <samplecontainer>  <PE>  <SE> 
    319      36  8.488368e+00  8.488368e+00  4.171e-06 -9.228653e+00  2.534428e+00  1.000000e+00 -9.337e+00  2.350e+00 -7.188e-02  3.950210e-02  1.312031e-01  9.905682e-01 -2.556959e-01  9.709952e+00  <LogSample>  <DielIoni>  <SE> 
    319      34  5.836846e+00  5.836846e+00  6.436e-06 -7.398517e+00  1.843690e+00  1.000000e+00 -9.602e+00  2.151e+00 -3.494e-01 -4.387680e-02  4.245130e-01  9.043581e-01 -9.407729e-01  9.840114e+00  <LogSample>  <DielIoni>  <SE> 
    319      28  2.619014e+00  2.619014e+00  6.253e-06 -8.742568e+00  4.771097e+00  1.000000e+00 -8.746e+00  3.305e+00 -4.007e-01  6.799547e-01  6.172130e-01  3.958658e-01 -4.006559e-01  1.094380e+01  <LogSample>  <DielIoni>  <SE> 
    319      25  5.284423e+00  5.284423e+00  1.671e-05 -1.086677e+01  1.372080e+00  1.000000e+00 -8.753e+00  3.124e+00 -1.989e+00 -3.139711e-01  8.926517e-01  3.234115e-01 -1.988813e+00  1.106732e+01  <LogSample>  <DielIoni>  <SE> 
    321       9  1.034018e+00  1.034018e+00  8.187e-05  1.284707e+01  7.600362e+00  1.000000e+00 -5.189e-01 -1.039e+00 -6.953e+00 -4.213520e-01 -7.715940e-02  9.036088e-01 -6.953297e+00  1.547123e+01  <LogSample>  <DielIoni>  <SE> 
    321       2  8.175724e+00  8.175724e+00  2.217e-06  1.182318e+00 -4.423546e-01  1.000000e+00  0.000e+00  1.084e-02 -8.339e-01  4.231596e-01 -2.299643e-01  8.763860e-01 -8.338739e-01  1.262360e+00  <LogSample>  <DielIoni>  <SE> 
    322       2  5.934580e+00  5.934580e+00  2.561e-05  6.106029e+00 -4.226225e-01  1.000000e+00  2.779e-01 -8.082e-02 -2.570e+00  3.061142e-01  1.556450e-01  9.391851e-01 -2.670573e+00  6.120638e+00  <LogSample>  <DielIoni>  <SE> 
    328       3  1.013130e+00  1.013130e+00  1.295e-05 -1.066556e+00 -2.086389e+00  1.000000e+00 -1.362e-01  5.905e-02 -3.531e+00  5.259011e-03 -8.576345e-01  5.142328e-01 -4.019684e+00  2.343194e+00  <LogSample>  <DielIoni>  <SE> 
    331       1  1.237235e+03  1.237235e+03  8.876e-07 -2.806082e+00 -8.087548e-02  1.000000e+00  0.000e+00  0.000e+00  1.000e+01 -4.762324e-01 -2.712971e-01  8.364213e-01 -3.230188e+00  2.807248e+00  <samplecontainer>  <PE>  <BSE> 
    334       1  1.430998e+02  1.430998e+02  1.998e-06 -3.513659e+00  4.921620e+00  1.000000e+00  0.000e+00  0.000e+00  1.000e+01  5.184811e-01 -4.868658e-01  7.029502e-01 -6.516565e+00  7.279793e+00  <samplecontainer>  <PE>  <BSE> 
    334      19  7.820893e+00  7.820893e+00  2.452e-06 -4.543449e+00  4.107302e+00  1.000000e+00 -5.002e+00  4.819e+00 -1.290e-01  3.410863e-01 -5.199581e-01  7.831371e-01 -1.290235e-01  6.945547e+00  <LogSample>  <DielIoni>  <SE> 
    334      15  1.526570e+01  1.526570e+01  3.336e-06 -7.249544e+00  6.850926e+00  1.000000e+00 -6.668e+00  2.921e+00 -9.041e-01 -9.357878e-02  9.596192e-01  2.652808e-01 -9.040945e-01  9.974521e+00  <LogSample>  <DielIoni>  <SE> 
    334      29  7.079844e+00  7.079844e+00  3.458e-06 -5.320585e+00  1.142209e+00  1.000000e+00 -7.006e+00  3.008e+00 -2.738e-01  7.112102e-01 -5.659042e-01  4.170522e-01 -2.737519e-01  7.624164e+00  <LogSample>  <DielIoni>  <SE> 
    334      14  2.207282e+01  2.207282e+01  2.694e-06 -8.550733e+00  2.420651e+00  1.000000e+00 -6.668e+00  2.921e+00 -9.041e-01 -4.444863e-01 -1.692349e-01  8.796542e-01 -9.040945e-01  8.886765e+00  <LogSample>  <DielIoni>  <SE> 
    334      33  8.417139e+00  8.417139e+00  7.368e-06 -4.221640e+00  1.024499e+00  1.000000e+00 -7.776e+00  2.379e+00 -4.760e-01  5.960104e-01 -5.795756e-01  5.557551e-01 -1.653911e+00  8.218052e+00  <LogSample>  <DielIoni>  <SE> 
    334      43  5.531198e+00  5.531198e+00  6.767e-06 -1.011471e+01  1.479471e+00  1.000000e+00 -6.412e+00  2.645e+00 -1.142e+00 -8.436951e-01 -3.029377e-02  5.359673e-01 -1.142058e+00  1.022234e+01  <LogSample>  <DielIoni>  <SE> 
    334      47  1.042106e+01  1.042106e+01  4.010e-06 -6.671700e+00  3.577919e+00  1.000000e+00 -6.782e+00  2.734e+00 -1.193e+00  8.422035e-01 -4.822877e-02  5.369983e-01 -1.192601e+00  9.258677e+00  <LogSample>  <DielIoni>  <SE> 
    336       1  3.898992e+02  3.898992e+02  3.137e-06  1.189279e+01  1.953747e+01  1.000000e+00  0.000e+00  0.000e+00  1.000e+01 -2.516871e-01  8.810409e-01  4.005254e-01 -7.034583e+00  2.287250e+01  <samplecontainer>  <PE>  <BSE> 
    336      35  5.356505e+00  5.356505e+00  5.329e-06  1.209753e+01  1.749094e+01  1.000000e+00  1.265e+01  1.682e+01 -2.431e-01  2.095958e-01  4.419326e-01  8.722185e-01 -4.587115e-01  2.126695e+01  <LogSample>  <DielIoni>  <SE> 
    336      34  5.037466e+00  5.037466e+00  4.739e-06  1.271401e+01  1.832411e+01  1.000000e+00  1.278e+01  1.611e+01 -5.479e-01 -4.523113e-02  8.879734e-01  4.576652e-01 -5.718839e-01  2.230290e+01  <LogSample>  <DielIoni>  <SE> 
    336       6  3.622925e+00  3.622925e+00  3.151e-05  1.077487e-01 -6.281751e+00  1.000000e+00 -6.070e-01  3.727e-01 -4.197e+00 -3.224556e-01  4.262997e-01  8.451574e-01 -5.367743e+00  6.949293e+00  <LogSample>  <DielIoni>  <SE> 
    336       2  4.979839e+00  4.979839e+00  1.123e-05  1.315576e+00  2.153610e+00  1.000000e+00 -2.826e-01 -1.417e-01 -2.600e+00  7.684403e-02 -1.921444e-02  9.968580e-01 -2.599821e+00  2.523644e+00  <LogSample>  <DielIoni>  <SE> 
    338       1  1.119930e+03  1.119930e+03  1.234e-06  2.702907e+00  1.791966e+00  1.000000e+00  0.000e+00  0.000e+00  1.000e+01  7.249831e-01 -2.664156e-01  6.351553e-01 -6.074402e+00  3.242969e+00  <samplecontainer>  <PE>  <BSE> 
    341       1  1.157246e+03  1.157246e+03  9.446e-07  1.234335e-01 -2.528751e+00  1.000000e+00  0.000e+00  0.000e+00  1.000e+01 -1.341042e-01 -6.404744e-01  7.561803e-01 -3.214981e+00  2.531762e+00  <samplecontainer>  <PE>  <BSE> 
    343      56  3.955498e+00  3.955498e+00  3.565e-05 -1.131688e+01 -1.024135e+01  1.000000e+00 -1.677e+01 -1.159e+01 -4.093e+00 -3.812352e-01  2.892436e-01  8.780648e-01 -4.093305e+00  2.083547e+01  <LogSample>  <DielIoni>  <SE> 
    343      72  5.578375e+00  5.578375e+00  1.701e-06 -2.547662e-02 -5.266948e-01  1.000000e+00  3.666e-01 -2.730e-01 -6.407e-01 -2.761690e-01 -1.786783e-01  9.443541e-01 -6.406593e-01  5.273106e-01  <LogSample>  <DielIoni>  <SE> 
    346       2  5.506930e+00  5.506930e+00  3.154e-06 -1.720854e+00 -1.691967e-01  1.000000e+00  0.000e+00  1.059e-02 -5.848e-01 -4.495450e-01  1.823129e-01  8.744549e-01 -8.321376e-01  1.729152e+00  <LogSample>  <DielIoni>  <SE> 
    353       2  1.860511e+01  1.860511e+01  1.372e-06 -5.625062e-01 -6.067957e-01  1.000000e+00  0.000e+00  1.016e-02 -1.539e-01 -3.490481e-01 -5.341193e-01  7.699883e-01 -1.538564e-01  8.274142e-01  <LogSample>  <DielIoni>  <SE> 
    355       3  5.244988e+00  5.244988e+00  3.144e-06  2.576338e+00 -3.232332e-01  1.000000e+00 -1.657e-01 -1.127e-01 -1.306e+00  4.543551e-01 -2.345467e-01  8.593889e-01 -1.305654e+00  2.596536e+00  <LogSample>  <DielIoni>  <SE> 
    360       1  1.030635e+03  1.030635e+03  1.274e-06  1.065192e+01  7.106704e+00  1.000000e+00  0.000e+00  0.000e+00  1.000e+01  7.360164e-01  5.581175e-01  3.831250e-01 -2.893331e+00  1.280503e+01  <samplecontainer>  <PE>  <BSE> 
    362       1  5.539444e+02  5.539444e+02  2.283e-06  2.159083e+01 -3.826080e+00  1.000000e+00  0.000e+00  0.000e+00  1.000e+01 -2.346099e-01 -2.202429e-01  9.468111e-01 -4.438211e+00  2.278506e+01  <samplecontainer>  <PE>  <BSE> 
    362      27  4.797437e+00  4.797437e+00  6.369e-06  2.294519e+01 -4.284012e+00  1.000000e+00  2.197e+01 -3.467e+00 -5.503e-01 -7.078224e-02 -5.376708e-01  8.401785e-01 -1.425997e+00  2.334169e+01  <LogSample>  <DielIoni>  <SE> 
    362      34  2.515908e+00  2.515908e+00  1.273e-05  1.078302e+01 -1.989776e+00  1.000000e+00  1.009e+01  2.408e+00 -1.949e+00  3.702181e-01 -7.508913e-01  5.469011e-01 -1.949217e+00  1.096506e+01  <LogSample>  <DielIoni>  <SE> 
    362      33  6.325307e+00  6.325307e+00  4.882e-06  1.098337e+01  2.589107e+00  1.000000e+00  9.903e+00  2.388e+00 -2.094e+00  7.474735e-01  1.625932e-02  6.640926e-01 -2.093971e+00  1.128441e+01  <LogSample>  <DielIoni>  <SE> 
    362       7  9.626977e+00  9.626977e+00  2.246e-06  5.376412e+00  1.118983e+00  1.000000e+00  5.492e+00  1.415e+00 -1.221e+00 -7.147568e-02  4.159706e-01  9.065648e-01 -1.221439e+00  5.670900e+00  <LogSample>  <DielIoni>  <SE> 
    366       2  5.422631e+00  5.422631e+00  1.339e-05  2.510824e+00 -4.741152e-01  1.000000e+00  3.048e+00  6.257e-01 -3.151e+00  2.085736e-01 -2.848187e-01  9.356150e-01 -3.155202e+00  3.907472e+00  <LogSample>  <DielIoni>  <SE> 
    370       1  5.187159e+02  5.187159e+02  3.219e-06  8.390298e+00 -9.703871e+00  1.000000e+00  0.000e+00  0.000e+00  1.000e+01  4.873569e-01  7.338368e-01  4.732514e-01 -1.045491e+01  1.417344e+01  <samplecontainer>  <PE>  <BSE> 
    373      26  3.446176e+00  3.446176e+00  3.711e-05 -3.147166e+01 -7.033967e+00  1.000000e+00 -3.379e+01 -9.403e+00 -4.662e+00 -8.144627e-01  3.535608e-01  4.600492e-01 -4.662064e+00  3.507569e+01  <LogSample>  <DielIoni>  <SE> 
    373       2  3.772539e+00  3.772539e+00  1.976e-06  6.481720e-05  1.364379e-01  1.000000e+00  0.000e+00  1.037e-02 -3.637e-01  6.078109e-02  1.152183e-01  9.914789e-01 -3.636918e-01  1.364379e-01  <LogSample>  <DielIoni>  <SE> 
    374       1  4.549739e+02  4.549739e+02  2.537e-06 -1.396650e+01  7.784510e+00  1.000000e+00  0.000e+00  0.000e+00  1.000e+01 -1.188578e-01  4.419544e-02  9.919272e-01 -7.576857e+00  1.598942e+01  <samplecontainer>  <PE>  <BSE> 
    376       5  1.426773e+00  1.426773e+00  3.731e-05 -4.643933e+00  6.606272e+00  1.000000e+00 -9.357e-01  4.204e+00 -1.080e+01  1.413970e-01  4.965427e-02  9.887069e-01 -1.080138e+01  8.188749e+00  <LogSample>  <DielIoni>  <SE> 
    377       9  4.719452e+00  4.719452e+00  2.306e-05 -4.152902e+00 -1.280002e+01  1.000000e+00 -1.286e+00 -1.136e+01 -2.731e+00 -3.061688e-01 -5.619112e-01  7.684507e-01 -3.452260e+00  1.529758e+01  <LogSample>  <DielIoni>  <SE> 
    378       2  4.011479e+00  4.011479e+00  7.061e-06  1.888930e+00  6.762071e-01  1.000000e+00  4.421e-02  5.450e-01 -2.604e+00  1.243433e-01 -3.519624e-01  9.277183e-01 -2.603618e+00  2.117263e+00  <LogSample>  <DielIoni>  <SE> 
    380       1  1.143472e+03  1.143472e+03  9.577e-07 -2.998671e+00  7.224303e+00  1.000000e+00  0.000e+00  0.000e+00  1.000e+01 -3.493063e-01  9.148306e-01  2.026573e-01 -7.890585e-01  7.821930e+00  <samplecontainer>  <PE>  <BSE> 
    380       3  4.733444e+00  4.733444e+00  3.893e-06 -1.549164e+00  7.227215e-01  1.000000e+00  2.222e-02 -2.570e-01 -5.971e-01 -9.014503e-01  2.390729e-01  3.608760e-01 -6.051261e-01  1.709455e+00  <LogSample>  <DielIoni>  <SE> 
    381       1  1.017175e+03  1.017175e+03  1.023e-06 -4.525502e+00  1.561610e+00  1.000000e+00  0.000e+00  0.000e+00  1.000e+01 -4.232675e-01  3.785366e-01  8.231371e-01 -3.465008e+00  4.787358e+00  <samplecontainer>  <PE>  <BSE> 
    381       7  3.878270e+00  3.878270e+00  4.176e-06 -4.155589e+00  1.940105e+00  1.000000e+00 -3.986e+00  1.079e+00 -4.963e-02 -3.956868e-01 -3.122366e-02  9.178546e-01 -6.913827e-01  4.586167e+00  <LogSample>  <DielIoni>  <SE> 
    381      10  1.261150e+01  1.261150e+01  1.560e-06 -4.383814e+00  1.237915e+00  1.000000e+00 -4.037e+00  8.163e-01 -9.109e-03 -3.026673e-01  3.683637e-01  8.790340e-01 -9.109096e-03  4.555245e+00  <LogSample>  <DielIoni>  <SE> 
    383       1  1.114831e+03  1.114831e+03  1.804e-06  8.130843e+00 -1.289292e+01  1.000000e+00  0.000e+00  0.000e+00  1.000e+01  1.393695e-01 -4.131494e-01  8.999354e-01 -7.037582e+00  1.524264e+01  <samplecontainer>  <PE>  <BSE> 
    383       8  3.479076e+00  3.479076e+00  1.734e-05  4.857693e+00 -9.611799e+00  1.000000e+00  7.765e+00 -1.190e+01 -1.168e+00 -7.618201e-01 -2.048535e-01  6.145447e-01 -1.839498e+00  1.421285e+01  <LogSample>  <DielIoni>  <SE> 
    384       6  6.047128e+00  6.047128e+00  8.173e-06 -2.739174e+00 -3.782750e+00  1.000000e+00 -1.327e+00 -1.152e-01 -4.536e+00 -4.802000e-01 -8.149980e-01  3.243243e-01 -6.136293e+00  4.670361e+00  <LogSample>  <DielIoni>  <SE> 
    384      44  6.070355e+00  6.070355e+00  5.995e-06 -4.193843e+00  2.440535e+00  1.000000e+00 -2.502e+00  8.090e-01 -1.736e+00 -7.269039e-01  4.707419e-01  5.000128e-01 -1.736301e+00  4.852271e+00  <LogSample>  <DielIoni>  <SE> 
    384       2  9.619329e+00  9.619329e+00  2.056e-06 -2.022820e+00  5.978120e-01  1.000000e+00  0.000e+00  1.041e-02 -4.066e-01 -7.803544e-01  3.969570e-01  4.831895e-01 -4.431383e-01  2.109308e+00  <LogSample>  <DielIoni>  <SE> 
    386       1  1.007256e+03  1.007256e+03  1.107e-06  9.442854e-01 -6.653406e+00  1.000000e+00  0.000e+00  0.000e+00  1.000e+01  9.200250e-01 -6.070419e-02  3.871293e-01 -1.480439e+00  6.815294e+00  <samplecontainer>  <PE>  <BSE> 
    386       6  1.712814e+01  1.712814e+01  5.674e-06 -1.218739e+00 -3.154027e+00  1.000000e+00 -9.763e-01 -4.770e+00 -6.457e-01  5.712269e-01  5.006813e-01  6.503984e-01 -1.374491e+00  5.007703e+00  <LogSample>  <DielIoni>  <SE> 
    389      25  3.084665e+00  3.084665e+00  5.102e-05 -5.667736e+00 -4.432896e+00  1.000000e+00 -4.337e+00  3.759e+00 -5.068e+00  6.005823e-01 -2.307440e-01  7.655444e-01 -6.685379e+00  8.377918e+00  <LogSample>  <DielIoni>  <SE> 
    389      40  2.889883e+00  2.889883e+00  3.967e-05 -1.438741e+01  1.232645e+01  1.000000e+00 -4.361e+00  3.417e+00 -4.437e+00 -9.136208e-01  3.176773e-01  2.537284e-01 -4.627222e+00  1.894568e+01  <LogSample>  <DielIoni>  <SE> 
    390       1  7.275921e+02  7.275921e+02  2.540e-06 -1.886861e+01  2.849661e+01  1.000000e+00  0.000e+00  0.000e+00  1.000e+01 -7.579752e-01  5.308022e-01  3.791077e-01 -5.634246e+00  3.417720e+01  <samplecontainer>  <PE>  <BSE> 
    390      18  9.014677e+01  9.014677e+01  2.941e-06 -1.346696e+01  2.511674e+01  1.000000e+00 -1.568e+01  2.656e+01 -2.962e-01  8.290858e-01 -4.113144e-01  3.787310e-01 -2.961504e-01  3.099765e+01  <LogSample>  <DielIoni>  <BSE> 
    390      14  5.818101e+00  5.818101e+00  9.058e-06 -9.289219e+00  2.329916e+01  1.000000e+00 -1.153e+01  2.102e+01 -3.261e+00 -5.911089e-01  6.133658e-02  8.042562e-01 -3.260836e+00  2.508267e+01  <LogSample>  <DielIoni>  <SE> 
    390       2  1.133725e+01  1.133725e+01  1.786e-06 -1.452140e+00 -3.697199e-01  1.000000e+00 -4.302e-04  2.206e-02 -3.894e-01 -5.198957e-01 -4.915229e-01  6.986513e-01 -4.166913e-01  1.498467e+00  <LogSample>  <DielIoni>  <SE> 
    391       1  1.057327e+03  1.057327e+03  1.414e-06  9.243857e+00  9.189454e+00  1.000000e+00  0.000e+00  0.000e+00  1.000e+01  6.571739e-01  4.582252e-01  5.984581e-01 -3.848897e+00  1.303438e+01  <samplecontainer>  <PE>  <BSE> 
    391       5  2.226530e+00  2.226530e+00  2.234e-05 -1.348403e+00 -3.406131e+00  1.000000e+00  1.491e-02  4.200e-02 -2.266e+00  8.399514e-02 -6.536181e-01  7.521490e-01 -2.596889e+00  3.771888e+00  <LogSample>  <DielIoni>  <SE> 
    393       1  3.015785e+02  3.015785e+02  3.329e-06  4.378716e+00  3.167157e+01  1.000000e+00  0.000e+00  0.000e+00  1.000e+01 -3.150514e-01  5.697775e-01  7.590100e-01 -5.999026e+00  3.197283e+01  <samplecontainer>  <PE>  <BSE> 
    393      44  3.302681e+00  3.302681e+00  2.528e-05 -3.608838e-02  7.449981e+00  1.000000e+00  9.155e-01  6.979e+00 -4.657e+00  4.075718e-01 -4.929478e-01  7.686922e-01 -5.516404e+00  8.622816e+00  <LogSample>  <DielIoni>  <SE> 
    396      44  2.238299e+00  2.238299e+00  3.153e-05  1.166335e+00  1.671352e+00  1.000000e+00  6.302e+00  7.019e-01 -7.417e+00 -1.630210e-01  1.131937e-01  9.801078e-01 -7.416589e+00  6.340928e+00  <LogSample>  <DielIoni>  <SE> 
    400       1  6.684620e+02  6.684620e+02  2.998e-06 -1.986021e+01 -4.341297e-01  1.000000e+00  0.000e+00  0.000e+00  1.000e+01  5.698471e-02 -7.353829e-02  9.956630e-01 -1.064865e+01  2.007699e+01  <samplecontainer>  <PE>  <BSE> 
    400      31  4.223473e+00  4.223473e+00  2.696e-05  4.272839e+00  2.588162e+00  1.000000e+00 -2.605e-01 -1.847e+00 -4.036e+00  7.275479e-01 -1.146337e-01  6.764120e-01 -4.746439e+00  4.995571e+00  <LogSample>  <DielIoni>  <SE> 
    403       1  6.799214e+02  6.799214e+02  1.711e-06 -1.087626e+01  6.270125e+00  1.000000e+00  0.000e+00  0.000e+00  1.000e+01 -6.101549e-01  2.672898e-01  7.458332e-01 -1.993257e+00  1.255418e+01  <samplecontainer>  <PE>  <BSE> 
    403      16  1.480679e+00  1.480679e+00  7.725e-06 -7.205089e+00  5.996764e+00  1.000000e+00 -6.547e+00  3.320e+00 -1.716e+00 -1.301355e-01  7.792426e-01  6.130626e-01 -1.740748e+00  9.374139e+00  <LogSample>  <DielIoni>  <SE> 
    403       6  2.089472e+01  2.089472e+01  4.488e-06  8.701219e+00  8.951334e-01  1.000000e+00  1.547e+00  7.088e-01 -1.738e+00  9.659972e-01  2.132276e-01  1.462305e-01 -1.738019e+00  8.747141e+00  <LogSample>  <DielIoni>  <SE> 
    403       2  1.566814e+01  1.566814e+01  1.855e-06  3.647811e-01 -7.237235e-01  1.000000e+00  0.000e+00  1.073e-02 -7.267e-01 -1.164770e-01  1.433686e-01  9.827912e-01 -9.214793e-01  1.063620e+00  <LogSample>  <DielIoni>  <SE> 
    404      48  3.907147e+00  3.907147e+00  1.335e-05  1.750920e+01  5.489970e+00  1.000000e+00  1.913e+01  2.433e+00 -3.707e+00 -4.068528e-01  4.382809e-01  8.014865e-01 -3.707444e+00  1.928723e+01  <LogSample>  <DielIoni>  <SE> 
    405       1  8.084428e+02  8.084428e+02  2.573e-06 -9.256398e+00  1.862717e+01  1.000000e+00  0.000e+00  0.000e+00  1.000e+01 -4.780385e-04 -4.661822e-01  8.846886e-01 -7.493106e+00  2.425673e+01  <samplecontainer>  <PE>  <BSE> 
    405       6  3.020056e+00  3.020056e+00  7.603e-06 -2.831936e+00  6.230659e+00  1.000000e+00 -6.475e+00  4.599e+00 -3.093e+00  4.621186e-01 -2.055913e-01  8.626579e-01 -3.092620e+00  7.941806e+00  <LogSample>  <DielIoni>  <SE> 
    406       4  2.531953e+00  2.531953e+00  2.448e-05 -1.829196e+00  1.341145e+00  1.000000e+00  1.959e-01 -8.695e-02 -4.077e+00  2.855922e-01 -3.645667e-02  9.576576e-01 -5.224477e+00  2.588393e+00  <LogSample>  <DielIoni>  <SE> 
    407       1  9.738909e+02  9.738909e+02  2.055e-06 -1.393813e+01  1.032160e+01  1.000000e+00  0.000e+00  0.000e+00  1.000e+01 -5.565857e-01  3.768416e-01  7.404071e-01 -7.920581e+00  1.734379e+01  <samplecontainer>  <PE>  <BSE> 
    408       1  3.153200e+02  3.153200e+02  3.805e-06  2.908872e+00  9.948604e+00  1.000000e+00  0.000e+00  0.000e+00  1.000e+01  2.908072e-01  2.976455e-01  9.093065e-01 -1.680497e+01  1.158719e+01  <samplecontainer>  <PE>  <BSE> 
    409       1  1.216880e+03  1.216880e+03  8.393e-07 -5.647954e+00 -2.264917e+00  1.000000e+00  0.000e+00  0.000e+00  1.000e+01 -8.955844e-01 -3.210778e-01  3.079571e-01 -9.126569e-01  6.085165e+00  <samplecontainer>  <PE>  <BSE> 
    411      69  4.584727e+00  4.584727e+00  4.591e-06 -9.828304e-01 -2.214903e+00  1.000000e+00 -2.197e-02  5.142e-01 -1.680e+00 -5.678132e-01 -6.654895e-01  4.844708e-01 -1.680060e+00  2.423169e+00  <LogSample>  <DielIoni>  <SE> 
    414       1  1.550247e+02  1.550247e+02  4.717e-06 -1.439811e+01  3.848619e+01  1.000000e+00  0.000e+00  0.000e+00  1.000e+01 -6.601936e-01  2.310088e-01  7.146883e-01 -1.322665e+01  4.109127e+01  <samplecontainer>  <PE>  <BSE> 
    416       1  3.831129e+02  3.831129e+02  4.803e-06  1.946238e+01 -4.129686e+01  1.000000e+00  0.000e+00  0.000e+00  1.000e+01  8.991596e-02  5.027627e-01  8.597353e-01 -1.720066e+01  4.646194e+01  <samplecontainer>  <PE>  <BSE> 
    416      34  5.418234e+01  5.418234e+01  5.341e-06  1.800160e+01 -4.383790e+01  1.000000e+00  1.931e+01 -4.226e+01 -6.787e-01 -5.418409e-01 -6.926117e-01  4.761276e-01 -6.786641e-01  4.739007e+01  <LogSample>  <DielIoni>  <BSE> 
    416      41  7.322339e+00  7.322339e+00  6.052e-06  1.880471e+01 -4.176549e+01  1.000000e+00  1.937e+01 -4.223e+01 -3.136e-01  8.629640e-02  3.403559e-01  9.363284e-01 -4.892800e-01  4.646372e+01  <LogSample>  <DielIoni>  <SE> 
    417       1  8.411141e+02  8.411141e+02  2.526e-06  7.444430e+00  1.082034e+01  1.000000e+00  0.000e+00  0.000e+00  1.000e+01  3.042248e-01 -8.336781e-01  4.608992e-01 -6.987015e+00  1.814606e+01  <samplecontainer>  <PE>  <BSE> 
    419      63  1.865536e+00  1.865536e+00  1.778e-05 -1.267392e+00 -4.916656e+00  1.000000e+00 -3.437e+00 -2.397e+00 -4.951e+00  2.724076e-01 -2.900346e-01  9.174279e-01 -4.951120e+00  5.077380e+00  <LogSample>  <DielIoni>  <SE> 
    420       1  1.249911e+03  1.249911e+03  5.412e-07 -7.860378e-01  7.848069e-02  1.000000e+00  0.000e+00  0.000e+00  1.000e+01 -6.057729e-01  5.274474e-02  7.938874e-01 -3.037145e-02  7.899460e-01  <samplecontainer>  <PE>  <BSE> 
    423       1  4.307380e+02  4.307380e+02  3.942e-06  2.671613e+01  1.433514e+01  1.000000e+00  0.000e+00  0.000e+00  1.000e+01  1.772841e-01  5.807185e-01  7.945668e-01 -1.531076e+01  3.031910e+01  <samplecontainer>  <PE>  <BSE> 
    423      30  5.415520e+00  5.415520e+00  6.279e-06  2.578623e+01  1.437773e+01  1.000000e+00  2.610e+01  1.270e+01 -1.471e+00 -9.721963e-02  6.413232e-01  7.610867e-01 -1.470549e+00  2.952370e+01  <LogSample>  <DielIoni>  <SE> 
    425      60  6.314841e+00  6.314841e+00  5.976e-06  4.861304e-01  2.614021e+00  1.000000e+00  8.543e-01 -3.629e-02 -3.521e+00 -4.135480e-01 -5.312962e-02  9.089308e-01 -3.521175e+00  2.903284e+00  <LogSample>  <DielIoni>  <SE> 
    425      69  4.602944e+00  4.602944e+00  5.624e-06  6.803112e-01 -1.602895e+00  1.000000e+00 -3.311e-01 -1.289e-01 -1.764e+00  5.778367e-01 -7.154490e-01  3.927307e-01 -1.763654e+00  1.741291e+00  <LogSample>  <DielIoni>  <SE> 
    428      67  1.088388e+00  1.088388e+00  8.297e-05 -5.348237e+00  5.980404e+00  1.000000e+00 -1.801e-01 -2.246e+00 -5.630e+00 -1.075261e-01  6.591488e-01  7.442856e-01 -5.940646e+00  8.023022e+00  <LogSample>  <DielIoni>  <SE> 
    429       6  3.205982e+00  3.205982e+00  7.667e-06  1.166667e+01 -4.550397e+00  1.000000e+00  9.456e+00  1.335e+00 -3.146e+00 -2.416255e-01 -5.976697e-01  7.644659e-01 -3.145777e+00  1.256924e+01  <LogSample>  <DielIoni>  <SE> 
    431      31  1.790134e+01  1.790134e+01  3.210e-06 -5.737496e+00  1.190837e+01  1.000000e+00 -5.544e+00  1.146e+01 -3.017e-01 -1.311689e-01  2.883731e-01  9.484913e-01 -3.392402e-01  1.321848e+01  <LogSample>  <DielIoni>  <SE> 
    431      26  1.173095e+01  1.173095e+01  3.113e-06 -4.967754e+00  1.237158e+01  1.000000e+00 -5.297e+00  1.211e+01 -4.519e-01  2.201181e-01  2.074935e-01  9.531498e-01 -4.518586e-01  1.333171e+01  <LogSample>  <DielIoni>  <SE> 
    431      25  1.801305e+01  1.801305e+01  3.372e-06 -4.682101e+00  1.174361e+01  1.000000e+00 -5.287e+00  1.214e+01 -4.400e-01  2.625933e-01 -1.843136e-01  9.471395e-01 -4.399944e-01  1.324162e+01  <LogSample>  <DielIoni>  <SE> 
    431      24  6.003892e+01  6.003892e+01  3.077e-06 -6.658521e+00  1.405243e+01  1.000000e+00 -5.283e+00  1.222e+01 -4.256e-01 -6.448925e-01  6.313989e-01  4.306381e-01 -4.255615e-01  1.555013e+01  <LogSample>  <DielIoni>  <BSE> 
    431      61  6.160360e+00  6.160360e+00  4.194e-06  2.438531e+00  1.348334e+00  1.000000e+00  2.501e+00  2.512e-01 -1.459e+00 -1.858757e-01  1.747851e-01  9.669025e-01 -1.458635e+00  2.940975e+00  <LogSample>  <DielIoni>  <SE> 
    431      58  5.806018e+00  5.806018e+00  4.643e-06  9.506638e-01  4.121172e-01  1.000000e+00  2.490e+00  8.171e-01 -1.335e+00 -7.935736e-01  4.316528e-01  4.288552e-01 -1.334520e+00  2.893099e+00  <LogSample>  <DielIoni>  <SE> 
    431       4  4.259633e+00  4.259633e+00  1.363e-05  7.369507e+00  4.089873e+00  1.000000e+00  2.225e-01 -1.797e-01 -1.598e+00  8.598691e-01  2.854670e-01  4.232420e-01 -3.750630e+00  8.428327e+00  <LogSample>  <DielIoni>  <SE> 
    431       2  6.078458e+00  6.078458e+00  1.985e-06  1.529868e+00 -5.329275e-01  1.000000e+00  7.135e-02 -3.306e-02 -8.808e-01  5.760678e-01 -2.836385e-01  7.666127e-01 -9.274073e-01  1.620033e+00  <LogSample>  <DielIoni>  <SE> 
    431      65  1.209874e+01  1.209874e+01  1.600e-06  6.170116e-01  6.135352e-02  1.000000e+00  2.708e-02 -2.690e-02 -9.274e-01  4.021546e-01  8.554932e-02  9.115662e-01 -9.274073e-01  6.200545e-01  <LogSample>  <DielIoni>  <SE> 
    432       1  2.279565e+00  2.279565e+00  3.993e-05  5.333743e+00 -1.673489e+01  1.000000e+00  0.000e+00  0.000e+00  1.000e+01 -4.581353e-01  1.009855e-01  8.831274e-01 -9.389119e+00  1.850101e+01  <samplecontainer>  <PE>  <SE> 
    432      60  6.094117e+00  6.094117e+00  5.538e-06  1.526942e+00  2.158198e+00  1.000000e+00 -5.135e-01 -2.115e-01 -1.760e+00  4.535958e-02  2.448046e-01  9.685108e-01 -2.037400e+00  2.643742e+00  <LogSample>  <DielIoni>  <SE> 
    434       3  8.624807e+00  8.624807e+00  2.935e-06 -2.299694e+00  8.037797e-01  1.000000e+00  7.023e-02  8.342e-02 -1.140e+00 -2.886461e-01  1.920453e-02  9.572432e-01 -1.170662e+00  2.436114e+00  <LogSample>  <DielIoni>  <SE> 
    434      72  6.962294e+00  6.962294e+00  2.869e-06  1.224651e+00  1.398041e+00  1.000000e+00 -1.450e-01  4.081e-01 -8.751e-01  8.031871e-01  3.038925e-01  5.123864e-01 -8.750742e-01  1.858571e+00  <LogSample>  <DielIoni>  <SE> 
    434      71  6.738626e+00  6.738626e+00  5.812e-06 -1.682191e-01  3.793647e-01  1.000000e+00 -4.906e-02  2.708e-01 -1.004e+00 -4.713253e-01 -3.069078e-01  8.268374e-01 -1.982456e+00  1.231936e+00  <LogSample>  <DielIoni>  <SE> 
    435       1  1.000294e+03  1.000294e+03  2.268e-06  1.994740e+01 -2.701243e-01  1.000000e+00  0.000e+00  0.000e+00  1.000e+01  1.973136e-01 -2.832341e-01  9.385339e-01 -8.553342e+00  1.994922e+01  <samplecontainer>  <PE>  <BSE> 
    436       1  1.065171e+03  1.065171e+03  1.881e-06 -3.961449e+00  2.004210e+00  1.000000e+00  0.000e+00  0.000e+00  1.000e+01 -3.129598e-01  3.284477e-01  8.911668e-01 -1.202218e+01  4.439587e+00  <samplecontainer>  <PE>  <BSE> 
    448       1  3.892616e+02  3.892616e+02  3.152e-06 -1.091363e+01 -3.583954e+00  1.000000e+00  0.000e+00  0.000e+00  1.000e+01  3.795669e-01  4.360151e-01  8.159778e-01 -1.039524e+01  1.361884e+01  <samplecontainer>  <PE>  <BSE> 
    452      36  1.840564e+01  1.840564e+01  5.207e-06 -3.029007e+01  1.012969e+01  1.000000e+00 -2.950e+01  9.471e+00 -1.198e+00 -2.942148e-01  6.385397e-01  7.111292e-01 -1.198139e+00  3.193899e+01  <LogSample>  <DielIoni>  <SE> 
    452      34  3.516509e+00  3.516509e+00  1.853e-05 -3.016480e+01  1.070827e+01  1.000000e+00 -2.934e+01  9.292e+00 -1.031e+00 -6.515670e-01  6.145158e-01  4.447816e-01 -1.753521e+00  3.239866e+01  <LogSample>  <DielIoni>  <SE> 
    452      43  2.621356e+00  2.621356e+00  5.102e-05 -3.049881e+01  8.408796e+00  1.000000e+00 -3.015e+01  8.674e+00 -7.658e-01 -2.890553e-01  7.240939e-01  6.262069e-01 -5.020362e+00  3.440459e+01  <LogSample>  <DielIoni>  <SE> 
    452      27  9.817445e+00  9.817445e+00  4.238e-06 -2.645932e+01  9.479092e+00  1.000000e+00 -2.577e+01  1.057e+01 -7.001e-01 -4.399979e-01 -6.437620e-01  6.260770e-01 -7.001494e-01  2.810602e+01  <LogSample>  <DielIoni>  <SE> 
    452      26  5.353681e+00  5.353681e+00  7.883e-06 -2.924129e+01  6.414804e+00  1.000000e+00 -2.571e+01  1.055e+01 -6.997e-01 -6.445744e-01 -6.964389e-01  3.154310e-01 -9.758453e-01  2.993665e+01  <LogSample>  <DielIoni>  <SE> 
    452      44  4.959527e+00  4.959527e+00  5.445e-06 -2.578115e+01  8.706915e+00  1.000000e+00 -2.613e+01  1.018e+01 -7.907e-01  3.807003e-01 -6.792039e-01  6.274945e-01 -7.907137e-01  2.841285e+01  <LogSample>  <DielIoni>  <SE> 
    452      22  2.340877e+02  2.340877e+02  2.934e-06 -2.497995e+01  9.218263e+00  1.000000e+00 -2.422e+01  9.245e+00 -1.499e-01 -5.523492e-01 -1.941242e-02  8.333868e-01 -1.499051e-01  2.662657e+01  <LogSample>  <DielIoni>  <BSE> 
    452      20  1.208979e+01  1.208979e+01  3.567e-06 -2.284667e+01  9.874081e+00  1.000000e+00 -2.343e+01  8.816e+00 -2.574e-01  3.779994e-01  5.573516e-01  7.392399e-01 -3.275169e-01  2.511473e+01  <LogSample>  <DielIoni>  <SE> 
    452      18  8.653531e+00  8.653531e+00  6.434e-06 -2.080889e+01  9.819880e+00  1.000000e+00 -2.227e+01  7.930e+00 -2.512e-01  2.215750e-01  5.043749e-01  8.345720e-01 -1.068420e+00  2.404350e+01  <LogSample>  <DielIoni>  <SE> 
    453       4  1.462264e+00  1.462264e+00  1.056e-04  1.378214e+00  2.368397e+00  1.000000e+00  1.287e+00  2.792e+00 -1.283e+01  7.354881e-01 -6.077679e-01  2.994586e-01 -1.283318e+01  6.018562e+00  <LogSample>  <DielIoni>  <SE> 
    455       3  2.814942e+00  2.814942e+00  1.860e-05  6.324812e+00 -7.478245e-01  1.000000e+00  4.942e-04  8.998e-03 -7.073e-01  8.332769e-01 -1.500327e-02  5.526522e-01 -1.868101e+00  6.368868e+00  <LogSample>  <DielIoni>  <SE> 
    456      70  4.413272e+00  4.413272e+00  2.817e-06  8.125719e-01  1.989695e+00  1.000000e+00 -1.925e-01 -9.680e-02 -3.505e-01  6.029820e-01  4.055980e-01  6.869520e-01 -5.524066e-01  2.149223e+00  <LogSample>  <DielIoni>  <SE> 
    457       1  3.491131e+02  3.491131e+02  3.144e-06 -1.562064e+01 -2.351485e+00  1.000000e+00  0.000e+00  0.000e+00  1.000e+01  2.642400e-01 -1.960086e-01  9.443293e-01 -8.402087e+00  1.752450e+01  <samplecontainer>  <PE>  <BSE> 
    459       1  8.680784e+02  8.680784e+02  1.175e-06 -2.754718e-01  6.657380e+00  1.000000e+00  0.000e+00  0.000e+00  1.000e+01 -5.507025e-01  2.646311e-01  7.916421e-01 -3.618143e+00  6.663077e+00  <samplecontainer>  <PE>  <BSE> 
    459       7  4.648108e+00  4.648108e+00  1.249e-05 -2.262517e-01  3.832196e+00  1.000000e+00  7.396e-01  6.140e+00 -4.455e-01  1.711828e-01 -9.371076e-01  3.041807e-01 -1.514400e+00  7.289958e+00  <LogSample>  <DielIoni>  <SE> 
    459       6  4.092251e+00  4.092251e+00  2.264e-05  4.508725e+00  4.841014e+00  1.000000e+00  1.622e+00  4.667e+00 -2.107e+00 -2.967655e-01  9.673195e-02  9.500385e-01 -4.022955e+00  7.298756e+00  <LogSample>  <DielIoni>  <SE> 
    464       1  6.923163e+01  6.923163e+01  2.877e-06  4.914894e-01  4.122321e+00  1.000000e+00  0.000e+00  0.000e+00  1.000e+01  2.821270e-01  2.929634e-01  9.135518e-01 -5.372426e+00  6.638023e+00  <samplecontainer>  <PE>  <BSE> 
    464      24  4.477276e+00  4.477276e+00  4.705e-06 -1.547145e+00  3.631291e+00  1.000000e+00 -3.869e-01  3.481e+00 -8.262e-01 -6.690889e-01 -1.390966e-02  7.430522e-01 -8.262093e-01  3.947142e+00  <LogSample>  <DielIoni>  <SE> 
    464      22  3.674392e+00  3.674392e+00  9.600e-06  8.152403e-01  2.774562e+00  1.000000e+00 -7.618e-01  3.167e+00 -7.966e-01 -3.317726e-01  3.016892e-01  8.938180e-01 -1.732399e+00  4.717488e+00  <LogSample>  <DielIoni>  <SE> 
    464      19  5.521512e+00  5.521512e+00  3.720e-06 -1.715024e+00  3.041760e+00  1.000000e+00 -2.283e+00  1.677e+00 -5.552e-01  3.238641e-01  4.566079e-01  8.286261e-01 -5.551723e-01  3.491936e+00  <LogSample>  <DielIoni>  <SE> 
    464      30  8.498265e+00  8.498265e+00  6.573e-06 -8.787325e+00  5.330626e-01  1.000000e+00 -3.670e+00  6.024e-01 -1.146e+00 -9.360139e-01  2.376349e-02  3.511598e-01 -1.145828e+00  8.803479e+00  <LogSample>  <DielIoni>  <SE> 
    471      56  1.179682e+00  1.179682e+00  1.618e-05 -3.353446e+00 -4.411673e-01  1.000000e+00  3.967e-01 -9.803e-01 -6.043e+00 -4.283476e-01 -1.444849e-01  8.919879e-01 -6.043163e+00  3.575364e+00  <LogSample>  <DielIoni>  <SE> 
    472       1  1.015607e+03  1.015607e+03  2.216e-06 -1.003986e+01  4.177189e+00  1.000000e+00  0.000e+00  0.000e+00  1.000e+01 -1.623320e-01  5.026116e-01  8.491348e-01 -9.884019e+00  1.087418e+01  <samplecontainer>  <PE>  <BSE> 
    473       1  7.990975e+02  7.990975e+02  1.469e-06 -9.631274e+00 -4.495314e+00  1.000000e+00  0.000e+00  0.000e+00  1.000e+01 -4.101315e-01 -3.146604e-01  8.560263e-01 -5.292387e+00  1.062870e+01  <samplecontainer>  <PE>  <BSE> 
    474      64  2.378567e+00  2.378567e+00  2.930e-05  2.012342e+00 -1.254776e+00  1.000000e+00  5.622e-01 -8.587e-01 -3.919e+00 -5.092221e-02 -1.504885e-01  9.872994e-01 -3.919171e+00  4.923557e+00  <LogSample>  <DielIoni>  <SE> 
    475       2  8.286249e+00  8.286249e+00  1.516e-06 -4.093016e-01 -7.371093e-01  1.000000e+00 -3.075e-04  1.069e-02 -7.745e-01 -2.162441e-01 -4.630357e-01  8.595560e-01 -7.980716e-01  8.431239e-01  <LogSample>  <DielIoni>  <SE> 
    476       2  1.764164e+01  1.764164e+01  1.699e-06  1.313377e+00  1.803080e+00  1.000000e+00  0.000e+00  1.072e-02 -7.130e-01  5.026234e-01  6.882595e-01  5.231333e-01 -7.130257e-01  2.230708e+00  <LogSample>  <DielIoni>  <SE> 
    481       1  2.812154e+02  2.812154e+02  2.076e-06  1.084842e-01 -2.874542e+00  1.000000e+00  0.000e+00  0.000e+00  1.000e+01  1.297592e-01  3.273458e-01  9.359526e-01 -7.295481e+00  3.272947e+00  <samplecontainer>  <PE>  <BSE> 
    481       7  3.802777e+00  3.802777e+00  2.090e-05  4.327112e+00 -3.971246e-01  1.000000e+00  1.639e+00 -3.610e-01 -5.541e+00 -9.277672e-02  2.742803e-01  9.571639e-01 -6.140835e+00  4.486074e+00  <LogSample>  <DielIoni>  <SE> 
    481      22  5.466300e+00  5.466300e+00  2.210e-06 -2.467931e-01 -3.646024e-01  1.000000e+00  6.482e-01  9.033e-02 -3.058e-01 -6.518337e-01 -3.928555e-01  6.486736e-01 -3.058157e-01  9.029955e-01  <LogSample>  <DielIoni>  <SE> 
    481      21  8.734117e+00  8.734117e+00  1.554e-06  1.689083e+00  6.180117e-01  1.000000e+00  5.487e-01  1.437e-01 -1.250e-01  7.019343e-01  3.055617e-01  6.433664e-01 -1.286837e-01  1.798594e+00  <LogSample>  <DielIoni>  <SE> 
    481      20  5.889828e+00  5.889828e+00  1.557e-06  6.985609e-01 -3.251633e-01  1.000000e+00  4.553e-01  1.521e-01 -1.747e-01  9.447394e-02 -1.606503e-01  9.824796e-01 -2.702933e-01  7.705313e-01  <LogSample>  <DielIoni>  <SE> 
    482      43  2.001853e+00  2.001853e+00  6.135e-05  2.525507e+01 -2.622593e+00  1.000000e+00  1.824e+01 -6.763e+00 -1.418e+01 -2.214161e-01 -2.376635e-01  9.457753e-01 -1.418030e+01  2.563943e+01  <LogSample>  <DielIoni>  <SE> 
    486       1  1.249935e+03  1.249935e+03  6.674e-07 -2.982148e+00 -1.981025e+00  1.000000e+00  0.000e+00  0.000e+00  1.000e+01 -7.896924e-01 -5.272902e-01  3.136096e-01 -1.935257e-01  3.580177e+00  <samplecontainer>  <PE>  <BSE> 
    487       1  4.768112e+02  4.768112e+02  2.423e-06 -2.637307e+00  9.519270e-01  1.000000e+00  0.000e+00  0.000e+00  1.000e+01  5.668960e-02  5.010357e-02  9.971339e-01 -7.929492e+00  8.322136e+00  <samplecontainer>  <PE>  <BSE> 
    491       1  9.914053e+02  9.914053e+02  1.796e-06 -9.178370e+00 -3.195989e+00  1.000000e+00  0.000e+00  0.000e+00  1.000e+01 -1.076717e-01  5.227208e-01  8.456771e-01 -5.038429e+00  1.058022e+01  <samplecontainer>  <PE>  <BSE> 
    492      72  1.015755e+00  1.015755e+00  1.169e-05 -2.793490e-01 -3.295001e-01  1.000000e+00 -6.626e-01 -2.878e-02 -1.525e+00 -3.570941e-01 -1.881023e-01  9.149324e-01 -2.743806e+00  6.632346e-01  <LogSample>  <DielIoni>  <SE> 
    492       2  4.337330e+00  4.337330e+00  1.988e-06 -8.743147e-02  1.110782e+00  1.000000e+00 -5.230e-02  1.851e-02 -7.711e-01  9.588677e-02  5.349640e-01  8.394160e-01 -7.710849e-01  1.114218e+00  <LogSample>  <DielIoni>  <SE> 
    496       1  1.071048e+03  1.071048e+03  1.496e-06  5.143184e+00  4.231955e-01  1.000000e+00  0.000e+00  0.000e+00  1.000e+01  5.716196e-01  3.153583e-02  8.199125e-01 -8.877952e+00  5.160565e+00  <samplecontainer>  <PE>  <BSE> 
    496      10  6.630472e+00  6.630472e+00  1.092e-05  7.775349e+00  4.303178e-01  1.000000e+00  4.187e+00  3.705e-01 -3.741e-01 -3.082784e-01 -6.815126e-02  9.488518e-01 -1.798412e+00  8.270267e+00  <LogSample>  <DielIoni>  <SE> 
    498       1  1.095066e+03  1.095066e+03  1.311e-06  1.001278e+01  6.192686e+00  1.000000e+00  0.000e+00  0.000e+00  1.000e+01  8.131505e-01  4.090568e-01  4.140758e-01 -3.517371e+00  1.177307e+01  <samplecontainer>  <PE>  <BSE> 
