EventID TrackID        Etotal          Ekin   Hit time             x             y             z    xOrigin    yOrigin    zOrigin   direction-x   direction-y   direction-z     Max Depth    Max Radius  Logical Volume         Process        Category 
    (-)     (-)          (eV)          (eV)       (ns)          (nm)          (nm)          (nm)       (nm)       (nm)       (nm)           (-)           (-)           (-)          (nm)          (nm) 
      0       5  2.081621e+00  2.081621e+00  1.217e-05 -1.538419e-01 -1.686034e+00  1.000000e+00 -2.557e-02  2.296e-01 -1.660e+00 -2.651080e-01  4.501505e-01  8.526912e-01 -1.996444e+00  2.949115e+00  <LogSample>  <DielIoni>  <SE> 
      0      65  6.272494e+00  6.272494e+00  2.949e-06  7.002652e-01  1.205629e+00  1.000000e+00  4.910e-01 -4.968e-01 -8.960e-01  3.591529e-01  4.948630e-01  7.912773e-01 -8.959527e-01  1.394243e+00  <LogSample>  <DielIoni>  <SE> 
      0       2  9.535151e+00  9.535151e+00  6.115e-06 -2.010565e+00  1.234894e-01  1.000000e+00  3.612e-03  1.243e-02 -4.855e-01  3.525348e-01 -2.088209e-01  9.122023e-01 -1.294720e+00  2.850944e+00  <LogSample>  <DielIoni>  <SE> 
      2       3  5.102012e+00  5.102012e+00  6.737e-06 -1.959553e+00  4.128613e+00  1.000000e+00 -1.446e-01  2.508e-02 -9.043e-01 -5.922271e-01  7.330018e-01  3.346274e-01 -2.152111e+00  4.570043e+00  <LogSample>  <DielIoni>  <SE> 
      3       3  4.901343e+01  4.901343e+01  1.178e-06  2.366791e+00 -6.399044e-01  1.000000e+00  0.000e+00  1.051e-02 -5.042e-01  8.278743e-01 -2.226263e-01  5.148414e-01 -6.981408e-01  2.451770e+00  <LogSample>  <DielIoni>  <SE> 
      3       2  2.990471e+00  2.990471e+00  2.458e-06  3.604854e-01 -6.832038e-01  1.000000e+00  0.000e+00  1.051e-02 -5.042e-01  4.814897e-01 -5.442204e-01  6.870166e-01 -5.178598e-01  7.724748e-01  <LogSample>  <DielIoni>  <SE> 
      4      63  4.822174e+00  4.822174e+00  2.118e-06 -1.918982e-01  5.962157e-01  1.000000e+00 -2.282e-01  9.976e-02 -1.329e-01  1.054062e-01  7.090492e-02  9.918982e-01 -5.701367e-01  6.263371e-01  <LogSample>  <DielIoni>  <SE> 
      4       2  5.133423e+01  5.133423e+01  1.012e-06  1.046199e+00 -5.213992e-01  1.000000e+00  0.000e+00  1.010e-02 -9.060e-02  3.686763e-01 -1.901489e-01  9.099017e-01 -1.997466e-01  1.168927e+00  <LogSample>  <DielIoni>  <BSE> 
     12       2  2.650612e+00  2.650612e+00  1.889e-05 -2.855405e+00  5.499295e+00  1.000000e+00  1.724e-02 -6.545e-02 -2.422e+00 -4.077656e-01 -8.867988e-03  9.130436e-01 -4.399807e+00  6.196417e+00  <LogSample>  <DielIoni>  <SE> 
     13       4  1.734489e+00  1.734489e+00  3.712e-05 -2.926095e+00  3.210623e+00  1.000000e+00 -2.070e+00 -1.905e+00 -7.214e+00  5.472460e-01  5.514975e-01  6.295811e-01 -7.214345e+00  4.530805e+00  <LogSample>  <DielIoni>  <SE> 
     16       2  3.858554e+00  3.858554e+00  8.889e-06 -2.595006e+00 -2.217743e-01  1.000000e+00  0.000e+00  1.215e-02 -2.146e+00 -7.339677e-01  2.344692e-01  6.374289e-01 -2.146243e+00  2.604465e+00  <LogSample>  <DielIoni>  <SE> 
     18       1  6.371006e+02  6.371006e+02  2.075e-06 -1.358826e+01  1.210105e+01  1.000000e+00  0.000e+00  0.000e+00  1.000e+01  4.483314e-01  4.624243e-01  7.649593e-01 -5.843858e+00  1.826580e+01  <samplecontainer>  <PE>  <BSE> 
     21       1  1.190819e+03  1.190819e+03  1.096e-06 -1.008410e+01  9.462819e-01  1.000000e+00  0.000e+00  0.000e+00  1.000e+01 -8.830813e-01  2.336641e-01  4.069011e-01 -1.465743e+00  1.012840e+01  <samplecontainer>  <PE>  <BSE> 
     22       1  1.249927e+03  1.249927e+03  7.025e-07  3.323235e+00 -5.755940e-01  1.000000e+00  0.000e+00  0.000e+00  1.000e+01  8.648697e-01 -1.466246e-01  4.801059e-01 -8.632976e-01  3.372714e+00  <samplecontainer>  <PE>  <BSE> 
     24       1  8.488879e+02  8.488879e+02  1.540e-06 -7.545444e+00 -2.703053e+00  1.000000e+00  0.000e+00  0.000e+00  1.000e+01 -7.499940e-01  4.954851e-01  4.381821e-01 -4.133055e+00  8.015000e+00  <samplecontainer>  <PE>  <BSE> 
     25       1  9.113310e+02  9.113310e+02  1.818e-06  1.145308e+01 -1.743536e+01  1.000000e+00  0.000e+00  0.000e+00  1.000e+01 -4.255901e-02 -8.753727e-01  4.815717e-01 -4.091134e+00  2.086060e+01  <samplecontainer>  <PE>  <BSE> 
     25      15  3.018491e+00  3.018491e+00  9.760e-06  1.202500e+01 -1.375895e+01  1.000000e+00  1.171e+01 -1.313e+01 -1.042e+00 -3.282292e-01  5.380245e-01  7.763989e-01 -1.820522e+00  1.932735e+01  <LogSample>  <DielIoni>  <SE> 
     25       8  2.088519e+00  2.088519e+00  1.344e-05  8.103276e+00 -9.293296e+00  1.000000e+00  1.049e+01 -1.082e+01 -2.052e+00 -5.142131e-01 -1.478233e-01  8.448273e-01 -2.667884e+00  1.532345e+01  <LogSample>  <DielIoni>  <SE> 
     25      18  4.964138e+00  4.964138e+00  3.538e-06  1.046465e+01 -1.023332e+01  1.000000e+00  1.037e+01 -1.081e+01 -2.278e+00 -1.526879e-01  2.404274e-01  9.585829e-01 -2.277879e+00  1.522809e+01  <LogSample>  <DielIoni>  <SE> 
     25       6  2.183125e+00  2.183125e+00  1.534e-05  1.018175e+01 -6.713108e+00  1.000000e+00  8.697e+00 -5.553e+00 -3.543e+00  1.773487e-01 -3.893510e-01  9.038547e-01 -3.542767e+00  1.313180e+01  <LogSample>  <DielIoni>  <SE> 
     32       1  1.107627e+03  1.107627e+03  8.166e-07 -2.657655e-01 -2.637169e+00  1.000000e+00  0.000e+00  0.000e+00  1.000e+01  1.365691e-01 -2.427743e-01  9.604215e-01 -2.283493e+00  2.650527e+00  <samplecontainer>  <PE>  <BSE> 
     32       6  6.537389e+00  6.537389e+00  1.648e-06 -5.074995e-01 -2.018163e+00  1.000000e+00 -4.245e-01 -2.355e+00 -1.170e-01 -1.402252e-01  4.134988e-01  8.996419e-01 -1.665724e-01  2.526846e+00  <LogSample>  <DielIoni>  <SE> 
     33       1  1.249877e+03  1.249877e+03  6.218e-07  6.466065e-01  1.570357e+00  1.000000e+00  0.000e+00  0.000e+00  1.000e+01  1.663825e-01  8.110691e-01  5.607885e-01 -3.010668e-01  1.698270e+00  <samplecontainer>  <PE>  <BSE> 
     34      72  7.838975e+00  7.838975e+00  8.312e-06  7.759194e-01 -9.560385e-01  1.000000e+00 -6.359e-01 -1.066e+00 -1.617e+00 -2.351339e-01  3.785829e-01  8.952022e-01 -1.617195e+00  1.872967e+00  <LogSample>  <DielIoni>  <SE> 
     40      74  3.342878e+00  3.342878e+00  3.061e-06  1.232456e-01 -1.219358e+00  1.000000e+00 -1.707e-01  7.561e-02 -9.407e-01 -8.751630e-03 -8.016864e-01  5.976807e-01 -9.407181e-01  1.225571e+00  <LogSample>  <DielIoni>  <SE> 
     43       1  9.768044e+02  9.768044e+02  1.210e-06 -4.510674e+00  3.384038e+00  1.000000e+00  0.000e+00  0.000e+00  1.000e+01 -5.666552e-01  2.712405e-01  7.780299e-01 -4.665248e+00  5.638962e+00  <samplecontainer>  <PE>  <BSE> 
     43       2  5.197923e+00  5.197923e+00  4.263e-06 -1.174974e-01 -3.523503e-01  1.000000e+00 -6.113e-02 -1.998e-02 -7.947e-01 -6.877788e-02  6.126524e-01  7.873542e-01 -1.393872e+00  1.258552e+00  <LogSample>  <DielIoni>  <SE> 
     44       3  8.204534e+00  8.204534e+00  2.393e-06  1.678837e+00  1.751626e+00  1.000000e+00 -9.653e-02  5.127e-01 -9.496e-01  3.180929e-01  6.479049e-01  6.921243e-01 -9.495879e-01  2.426249e+00  <LogSample>  <DielIoni>  <SE> 
     49      64  7.464025e-01  7.464025e-01  2.069e-05  4.297126e+00  3.198267e+00  1.000000e+00  5.692e-01 -3.464e-01 -2.809e+00  3.382281e-01 -1.203832e-01  9.333325e-01 -2.808765e+00  5.468235e+00  <LogSample>  <DielIoni>  <SE> 
     50       2  2.132606e+00  2.132606e+00  2.449e-06  6.325736e-01  4.797808e-01  1.000000e+00  0.000e+00  1.008e-02 -7.119e-02  4.041879e-01  1.201391e-01  9.067518e-01 -4.166385e-01  7.939389e-01  <LogSample>  <DielIoni>  <SE> 
     51       1  4.403648e+02  4.403648e+02  1.988e-06  7.782293e+00  2.042301e+00  1.000000e+00  0.000e+00  0.000e+00  1.000e+01  5.963675e-01  3.477956e-03  8.027040e-01 -8.928555e+00  8.045811e+00  <samplecontainer>  <PE>  <BSE> 
     51      18  6.420987e+00  6.420987e+00  5.088e-06  8.564227e+00 -2.219382e+00  1.000000e+00  6.842e+00  2.027e+00 -2.803e-01  3.758624e-01 -9.009978e-01  2.166343e-01 -2.803436e-01  8.847126e+00  <LogSample>  <DielIoni>  <SE> 
     51      17  4.147234e+00  4.147234e+00  4.127e-06  6.419972e+00  2.154703e+00  1.000000e+00  6.774e+00  2.017e+00 -3.869e-01  1.604492e-01 -4.660944e-01  8.700644e-01 -5.160814e-01  7.404422e+00  <LogSample>  <DielIoni>  <SE> 
     54       1  3.100160e+02  3.100160e+02  3.678e-06  2.908461e+01 -9.023091e+00  1.000000e+00  0.000e+00  0.000e+00  1.000e+01 -2.856523e-01  4.953480e-01  8.203859e-01 -1.431482e+01  3.294661e+01  <samplecontainer>  <PE>  <BSE> 
     55      12  2.574633e+00  2.574633e+00  2.120e-05 -1.266924e+01 -1.538636e+01  1.000000e+00 -1.131e+01 -1.018e+01 -4.854e+00  5.990712e-01 -6.260693e-01  4.991503e-01 -4.854172e+00  1.993112e+01  <LogSample>  <DielIoni>  <SE> 
     55      43  2.836513e+00  2.836513e+00  2.312e-05 -7.772690e+00 -7.839764e+00  1.000000e+00 -8.691e+00 -7.003e+00 -2.503e+00  7.250611e-01 -6.435750e-01  2.451483e-01 -3.935737e+00  1.388180e+01  <LogSample>  <DielIoni>  <SE> 
     55       2  1.021358e+01  1.021358e+01  2.375e-06 -5.379620e-01  1.112074e+00  1.000000e+00  3.082e-02  6.582e-02 -7.680e-01 -9.304263e-02  7.651866e-01  6.370498e-01 -8.235529e-01  1.235359e+00  <LogSample>  <DielIoni>  <SE> 
     57       1  8.871471e+02  8.871471e+02  7.731e-07 -2.795638e-01  7.207494e-01  1.000000e+00  0.000e+00  0.000e+00  1.000e+01 -5.086406e-01 -5.140723e-02  8.594429e-01 -1.567681e+00  1.527825e+00  <samplecontainer>  <PE>  <BSE> 
     57       5  7.046665e+00  7.046665e+00  2.432e-06  5.160642e-01  1.095219e+00  1.000000e+00  1.198e+00  9.204e-01 -1.344e+00 -6.635930e-01 -2.472005e-01  7.060710e-01 -1.343975e+00  2.344419e+00  <LogSample>  <DielIoni>  <SE> 
     59       9  6.635402e+00  6.635402e+00  2.270e-05  9.267991e-01 -7.742808e-01  1.000000e+00 -7.617e-02 -1.566e+00 -6.485e+00 -4.431201e-01 -3.998100e-01  8.023693e-01 -6.485180e+00  2.154943e+00  <LogSample>  <DielIoni>  <SE> 
     59       4  5.435486e+00  5.435486e+00  6.198e-06 -2.039400e+00  1.812666e+00  1.000000e+00 -2.294e-03  2.586e-02 -7.537e-01 -7.129710e-01  6.488853e-01  2.657445e-01 -7.537479e-01  2.728536e+00  <LogSample>  <DielIoni>  <SE> 
     64      30  2.136348e+00  2.136348e+00  2.726e-05 -3.780326e-01 -1.417609e+00  1.000000e+00  7.553e-01  1.734e+00 -5.311e+00 -6.232076e-01 -3.460535e-01  7.013268e-01 -5.311260e+00  3.854140e+00  <LogSample>  <DielIoni>  <SE> 
     65       1  1.163738e+03  1.163738e+03  9.189e-07  1.406554e+00 -8.897108e-01  1.000000e+00  0.000e+00  0.000e+00  1.000e+01 -1.763923e-01 -3.081560e-01  9.348399e-01 -2.840913e+00  1.703879e+00  <samplecontainer>  <PE>  <BSE> 
     67       1  6.520447e+02  6.520447e+02  2.308e-06  2.624353e+00  7.298455e-01  1.000000e+00  0.000e+00  0.000e+00  1.000e+01  2.740771e-01  4.354955e-01  8.574529e-01 -1.272998e+01  5.026320e+00  <samplecontainer>  <PE>  <BSE> 
     67      15  1.268061e+00  1.268061e+00  7.850e-06  2.289826e-01 -2.587796e+00  1.000000e+00  1.888e+00 -4.993e-01 -1.438e+00 -5.665855e-02 -1.450574e-01  9.877997e-01 -2.344987e+00  2.597907e+00  <LogSample>  <DielIoni>  <SE> 
     67       3  2.131244e+00  2.131244e+00  8.749e-06  1.269052e+00 -1.629958e+00  1.000000e+00  2.271e-01  2.112e-01 -1.888e+00  6.433117e-01 -2.898705e-01  7.086079e-01 -1.887924e+00  2.108436e+00  <LogSample>  <DielIoni>  <SE> 
     67       2  5.555125e+01  5.555125e+01  1.221e-06 -1.381316e+00  1.039166e+00  1.000000e+00  0.000e+00  1.058e-02 -5.691e-01 -6.234450e-01  4.006797e-01  6.713957e-01 -8.730249e-01  1.728555e+00  <LogSample>  <DielIoni>  <BSE> 
     70       1  1.112381e+03  1.112381e+03  1.905e-06  2.071356e+01 -1.337396e+00  1.000000e+00  0.000e+00  0.000e+00  1.000e+01  1.898934e-02 -1.820619e-01  9.831037e-01 -5.269049e+00  2.075669e+01  <samplecontainer>  <PE>  <BSE> 
     71       1  9.202409e+02  9.202409e+02  1.210e-06  1.697517e+00 -1.119222e+01  1.000000e+00  0.000e+00  0.000e+00  1.000e+01  6.274821e-01 -6.696332e-01  3.973130e-01 -1.679337e+00  1.132022e+01  <samplecontainer>  <PE>  <BSE> 
     71       2  2.430482e+00  2.430482e+00  1.484e-05 -1.526014e+00 -5.278523e+00  1.000000e+00  6.779e-02 -7.480e-01 -1.498e+00 -9.731783e-02 -7.223646e-01  6.846303e-01 -2.421520e+00  5.494682e+00  <LogSample>  <DielIoni>  <SE> 
     72       1  5.821097e+02  5.821097e+02  1.915e-06 -1.341071e+01 -2.068046e+00  1.000000e+00  0.000e+00  0.000e+00  1.000e+01 -3.142558e-01  3.809896e-02  9.485735e-01 -8.252923e+00  1.356923e+01  <samplecontainer>  <PE>  <BSE> 
     72       3  2.157820e+00  2.157820e+00  4.705e-05  5.496421e-01 -5.083848e+00  1.000000e+00 -2.839e-01  2.406e-01 -2.733e+00 -6.955583e-01  2.276022e-01  6.814660e-01 -5.676139e+00  5.653213e+00  <LogSample>  <DielIoni>  <SE> 
     74       1  8.299588e+02  8.299588e+02  3.142e-06  2.428451e+00 -3.724293e+01  1.000000e+00  0.000e+00  0.000e+00  1.000e+01  7.992572e-01 -5.657951e-01  2.026421e-01 -1.020638e+01  3.732202e+01  <samplecontainer>  <PE>  <BSE> 
     74      16  5.145845e+00  5.145845e+00  5.424e-06 -4.618597e+00 -3.236202e+01  1.000000e+00 -4.149e+00 -3.235e+01 -7.608e-01 -3.480901e-01  1.612246e-01  9.234933e-01 -7.608065e-01  3.284923e+01  <LogSample>  <DielIoni>  <SE> 
     75      67  2.084485e+00  2.084485e+00  1.098e-05 -1.372530e+00 -1.882323e+00  1.000000e+00 -1.622e-01 -6.642e-01 -2.064e+00 -1.132014e-01 -2.996817e-01  9.472995e-01 -2.063997e+00  3.098389e+00  <LogSample>  <DielIoni>  <SE> 
     76       5  1.816240e+00  1.816240e+00  2.127e-05  2.135600e+00 -1.009590e+00  1.000000e+00 -7.354e-01  8.507e-02 -2.408e+00  6.798308e-02  3.179604e-01  9.456635e-01 -2.894613e+00  3.603198e+00  <LogSample>  <DielIoni>  <SE> 
     76      52  4.989899e+00  4.989899e+00  7.666e-06  3.150791e+00 -6.461850e-01  1.000000e+00  1.900e+00 -1.930e-01 -1.485e+00 -2.323731e-01  7.987568e-02  9.693413e-01 -1.485072e+00  3.529567e+00  <LogSample>  <DielIoni>  <SE> 
     77       2  4.493366e+00  4.493366e+00  2.311e-06  8.338185e-01  9.326949e-01  1.000000e+00 -5.948e-03  4.695e-03 -1.723e+00  3.367566e-01  3.729539e-01  8.645810e-01 -1.757347e+00  1.251069e+00  <LogSample>  <DielIoni>  <SE> 
     79      67  2.709969e+00  2.709969e+00  2.676e-05 -1.334369e+00 -6.883904e-01  1.000000e+00  1.414e-01  6.106e-02 -2.626e+00  8.189844e-01 -1.577743e-01  5.516990e-01 -3.339700e+00  4.698533e+00  <LogSample>  <DielIoni>  <SE> 
     80       2  3.857298e+00  3.857298e+00  5.173e-06 -1.190994e+00  2.025665e-01  1.000000e+00  0.000e+00  1.088e-02 -8.720e-01 -3.067015e-01  2.396617e-01  9.211387e-01 -2.374314e+00  1.208097e+00  <LogSample>  <DielIoni>  <SE> 
     84       1  1.190888e+03  1.190888e+03  9.932e-07 -6.351328e+00 -1.825144e+00  1.000000e+00  0.000e+00  0.000e+00  1.000e+01 -8.230456e-01 -2.643313e-01  5.027175e-01 -2.762715e+00  6.608368e+00  <samplecontainer>  <PE>  <BSE> 
     85       1  7.706108e+02  7.706108e+02  2.392e-06 -1.366342e+01 -1.242710e+01  1.000000e+00  0.000e+00  0.000e+00  1.000e+01  6.154322e-02  8.964374e-02  9.940706e-01 -8.599382e+00  1.963443e+01  <samplecontainer>  <PE>  <BSE> 
     87      50  4.938583e+00  4.938583e+00  1.089e-05 -1.522595e+01 -2.782089e+01  1.000000e+00 -1.776e+01 -2.817e+01 -2.344e+00  8.500605e-01 -2.552681e-01  4.606900e-01 -2.343793e+00  3.329786e+01  <LogSample>  <DielIoni>  <SE> 
     87      55  1.909446e+00  1.909446e+00  2.402e-05 -1.526489e+01 -2.610373e+01  1.000000e+00 -1.786e+01 -2.804e+01 -2.032e+00 -5.164688e-01 -1.683630e-01  8.395915e-01 -2.079254e+00  3.324163e+01  <LogSample>  <DielIoni>  <SE> 
     88      36  3.391762e+00  3.391762e+00  1.468e-05 -6.984639e+00 -1.492837e+00  1.000000e+00 -9.960e+00  9.183e-01 -4.291e+00  1.705981e-01  3.328765e-01  9.274101e-01 -4.291496e+00  1.000245e+01  <LogSample>  <DielIoni>  <SE> 
     91       1  1.166161e+03  1.166161e+03  9.093e-07  7.320979e+00 -1.426101e+00  1.000000e+00  0.000e+00  0.000e+00  1.000e+01  8.539269e-01 -3.630508e-01  3.728310e-01 -9.666080e-01  7.458586e+00  <samplecontainer>  <PE>  <BSE> 
     91       4  1.690936e+01  1.690936e+01  2.218e-06  1.848692e+00 -3.365966e-01  1.000000e+00  3.009e+00 -2.752e-01 -3.786e-01 -7.592771e-01  1.477460e-02  6.505997e-01 -6.279834e-01  3.556662e+00  <LogSample>  <DielIoni>  <SE> 
     92      63  3.489237e+00  3.489237e+00  6.160e-06 -2.919782e-01 -9.421280e-01  1.000000e+00 -2.375e-01  3.994e-01 -1.858e+00  9.191437e-01  8.792356e-02  3.839847e-01 -1.904146e+00  3.224314e+00  <LogSample>  <DielIoni>  <SE> 
     96       1  1.191621e+03  1.191621e+03  9.304e-07 -8.079234e+00  3.017331e+00  1.000000e+00  0.000e+00  0.000e+00  1.000e+01 -9.224917e-01  3.319622e-01  1.970027e-01 -5.503666e-01  8.624286e+00  <samplecontainer>  <PE>  <BSE> 
     97       1  1.249896e+03  1.249896e+03  7.418e-07  3.856673e-01 -7.498191e-01  1.000000e+00  0.000e+00  0.000e+00  1.000e+01  3.249415e-01 -2.709443e-01  9.060917e-01 -1.975387e+00  8.431892e-01  <samplecontainer>  <PE>  <BSE> 
     98      18  3.285110e+00  3.285110e+00  2.430e-05 -9.024917e+00  1.344055e+01  1.000000e+00 -1.190e+01  1.099e+01 -2.620e+00  2.914766e-01 -2.779768e-01  9.152979e-01 -3.960544e+00  1.736127e+01  <LogSample>  <DielIoni>  <SE> 
     98      48  2.821296e+00  2.821296e+00  1.845e-05 -1.356951e+01  1.030586e+00  1.000000e+00 -1.248e+01  6.378e+00 -3.607e+00 -6.381051e-01 -3.215378e-01  6.995965e-01 -3.607133e+00  1.470461e+01  <LogSample>  <DielIoni>  <SE> 
    100       1  5.378358e+02  5.378358e+02  3.492e-06  1.339883e+01  3.008543e+01  1.000000e+00  0.000e+00  0.000e+00  1.000e+01  1.691729e-01  2.535788e-02  9.852601e-01 -8.756226e+00  3.498143e+01  <samplecontainer>  <PE>  <BSE> 
    100      28  1.354313e+01  1.354313e+01  7.017e-06  1.454206e+01  2.907044e+01  1.000000e+00  1.297e+01  2.997e+01 -1.108e+00 -1.938943e-01 -6.057215e-01  7.716907e-01 -1.156084e+00  3.363426e+01  <LogSample>  <DielIoni>  <SE> 
    104       4  3.341409e+00  3.341409e+00  1.777e-05  1.124916e+00 -1.476499e+00  1.000000e+00 -6.106e-02  2.589e-02 -2.221e+00  7.685217e-01  4.681318e-01  4.361502e-01 -2.220957e+00  2.701949e+00  <LogSample>  <DielIoni>  <SE> 
    104       2  3.255452e+00  3.255452e+00  2.261e-06  5.851420e-01 -1.485191e+00  1.000000e+00  0.000e+00  1.018e-02 -1.746e-01  4.902227e-02 -7.455512e-01  6.646430e-01 -2.707425e-01  1.596303e+00  <LogSample>  <DielIoni>  <SE> 
    107       1  4.785846e+02  4.785846e+02  2.236e-06  1.421864e+00  1.402560e+01  1.000000e+00  0.000e+00  0.000e+00  1.000e+01  3.327160e-01  7.664093e-01  5.494697e-01 -6.685432e+00  1.409748e+01  <samplecontainer>  <PE>  <BSE> 
    109       1  5.413229e+02  5.413229e+02  4.297e-06 -1.044926e+01  4.785058e+00  1.000000e+00  0.000e+00  0.000e+00  1.000e+01 -8.205364e-01  2.600755e-01  5.089998e-01 -1.315005e+01  1.895732e+01  <samplecontainer>  <PE>  <BSE> 
    109      33  3.796458e+00  3.796458e+00  1.618e-05 -3.279142e+00  5.401827e+00  1.000000e+00 -7.124e+00  3.748e+00 -1.174e+00  4.339487e-01  6.076528e-01  6.651666e-01 -2.485626e+00  8.049628e+00  <LogSample>  <DielIoni>  <SE> 
    112       1  7.233357e+02  7.233357e+02  2.817e-06 -3.780663e+00 -2.220219e+01  1.000000e+00  0.000e+00  0.000e+00  1.000e+01 -2.760373e-01  2.032054e-01  9.394206e-01 -1.236485e+01  2.271123e+01  <samplecontainer>  <PE>  <BSE> 
    113      68  2.520060e+00  2.520060e+00  2.437e-05  8.404447e+00 -1.280473e+00  1.000000e+00  1.048e-02  4.667e-01 -1.258e+00  4.020664e-02 -7.802881e-01  6.241265e-01 -5.682200e+00  8.501432e+00  <LogSample>  <DielIoni>  <SE> 
    118       2  4.765844e+00  4.765844e+00  1.935e-06 -1.677938e-01 -1.050653e+00  1.000000e+00  0.000e+00  1.080e-02 -7.927e-01 -2.505030e-02 -4.987312e-01  8.663946e-01 -7.927152e-01  1.063967e+00  <LogSample>  <DielIoni>  <SE> 
    123      55  2.123855e+00  2.123855e+00  1.376e-05  1.306821e-01 -5.197818e+00  1.000000e+00  1.523e+00 -2.688e-01 -2.908e+00 -3.434913e-01 -8.570537e-01  3.840218e-01 -2.945296e+00  5.199460e+00  <LogSample>  <DielIoni>  <SE> 
    123       3  1.889465e+01  1.889465e+01  2.950e-06 -1.561959e+00  1.414019e+00  1.000000e+00  1.657e-02 -5.432e-02 -1.486e+00 -7.327603e-01  5.070614e-01  4.538182e-01 -1.589626e+00  2.106933e+00  <LogSample>  <DielIoni>  <SE> 
    124      23  1.706115e+00  1.706115e+00  1.773e-05  1.525208e+01  3.506776e+00  1.000000e+00  1.401e+01 -1.406e+00 -6.337e+00  5.981667e-01  4.350143e-01  6.730224e-01 -6.336923e+00  1.565003e+01  <LogSample>  <DielIoni>  <SE> 
    125      64  5.230377e+00  5.230377e+00  4.363e-06 -2.507325e-01  1.673538e-01  1.000000e+00  5.177e-01 -5.508e-01 -1.243e+00 -7.277251e-01 -8.024788e-02  6.811581e-01 -1.243133e+00  9.314015e-01  <LogSample>  <DielIoni>  <SE> 
    125       2  1.081345e+01  1.081345e+01  3.124e-06  4.238456e-01 -1.072247e+00  1.000000e+00 -6.911e-04  9.700e-03 -1.126e+00  2.180968e-01 -8.551601e-01  4.702500e-01 -1.125951e+00  1.152978e+00  <LogSample>  <DielIoni>  <SE> 
    125      70  2.495906e+00  2.495906e+00  2.306e-05  4.625026e+00  2.258563e+00  1.000000e+00  2.629e+00  1.936e+00 -1.300e+00  6.606543e-01 -5.883668e-01  4.662193e-01 -3.399250e+00  5.147036e+00  <LogSample>  <DielIoni>  <SE> 
    126       1  1.088773e+02  1.088773e+02  3.555e-06 -2.803011e+00 -2.437554e+00  1.000000e+00  0.000e+00  0.000e+00  1.000e+01  9.510741e-01  6.803545e-02  3.013787e-01 -3.896034e+00  1.340734e+01  <samplecontainer>  <PE>  <BSE> 
    126      29  1.006809e+01  1.006809e+01  9.146e-06 -1.060721e+01 -8.270512e-01  1.000000e+00 -6.010e+00 -2.661e+00 -1.670e+00 -9.590889e-01  3.384118e-02  2.810751e-01 -1.911873e+00  1.063940e+01  <LogSample>  <DielIoni>  <SE> 
    126      36  4.279961e+00  4.279961e+00  1.113e-05 -8.774704e+00 -3.738329e+00  1.000000e+00 -6.795e+00 -2.701e+00 -1.163e+00 -8.434628e-01 -2.066806e-01  4.958362e-01 -1.620621e+00  9.537847e+00  <LogSample>  <DielIoni>  <SE> 
    128      68  8.635317e-01  8.635317e-01  3.774e-05  5.438032e+00 -3.382115e+00  1.000000e+00  1.928e-01 -1.039e+00 -4.259e+00  7.699110e-01  3.191838e-01  5.525927e-01 -5.926061e+00  6.403975e+00  <LogSample>  <DielIoni>  <SE> 
    128       2  4.247351e+00  4.247351e+00  2.363e-06 -1.914653e-01  1.697695e+00  1.000000e+00 -4.181e-02 -4.539e-03 -1.147e+00 -7.430681e-02  7.722635e-01  6.309419e-01 -1.170024e+00  1.708457e+00  <LogSample>  <DielIoni>  <SE> 
    130       1  6.704108e+02  6.704108e+02  2.197e-06  7.146950e-01 -4.717114e+00  1.000000e+00  0.000e+00  0.000e+00  1.000e+01 -3.010691e-04  3.238289e-01  9.461156e-01 -5.524791e+00  7.322086e+00  <samplecontainer>  <PE>  <BSE> 
    130      24  6.185612e-01  6.185612e-01  3.273e-05  9.354723e-01 -5.560301e+00  1.000000e+00  2.378e+00 -5.784e+00 -3.761e+00 -8.607457e-01  1.212969e-01  4.943722e-01 -4.916129e+00  8.308900e+00  <LogSample>  <DielIoni>  <SE> 
    130      10  4.488618e+00  4.488618e+00  6.966e-06  8.747750e+00 -9.551087e-01  1.000000e+00  6.905e+00 -2.437e+00 -1.752e+00  5.020111e-01  6.701043e-01  5.467587e-01 -1.751581e+00  9.497901e+00  <LogSample>  <DielIoni>  <SE> 
    139       4  3.604807e+00  3.604807e+00  1.408e-05  3.865246e+00 -2.878914e+00  1.000000e+00 -1.098e+00 -9.634e-02 -3.483e+00 -1.442648e-01 -6.943855e-01  7.049939e-01 -3.483163e+00  4.819572e+00  <LogSample>  <DielIoni>  <SE> 
    140       2  4.146095e+00  4.146095e+00  2.066e-06  1.317037e-01  3.262988e-01  1.000000e+00  1.045e-02  4.947e-02 -6.806e-01 -1.938432e-01  1.259429e-01  9.729148e-01 -7.734654e-01  4.321624e-01  <LogSample>  <DielIoni>  <SE> 
    141      43  1.098280e+00  1.098280e+00  2.245e-05  3.363723e+01 -1.474864e+01  1.000000e+00  3.441e+01 -1.484e+01 -3.462e+00  7.179804e-01  2.524421e-02  6.956054e-01 -3.462362e+00  3.834750e+01  <LogSample>  <DielIoni>  <SE> 
    141      59  2.356326e+00  2.356326e+00  1.545e-05  3.555059e+01 -1.542965e+01  1.000000e+00  3.350e+01 -1.658e+01 -4.163e+00  2.651148e-01  6.132540e-01  7.440656e-01 -4.163121e+00  3.880004e+01  <LogSample>  <DielIoni>  <SE> 
    141       6  4.670522e+00  4.670522e+00  6.567e-06  1.282386e+01  2.578544e+00  1.000000e+00  1.346e+01  4.470e+00 -8.332e-01 -3.440897e-01 -2.465782e-01  9.059809e-01 -1.323670e+00  1.421822e+01  <LogSample>  <DielIoni>  <SE> 
    143       1  1.183595e+03  1.183595e+03  7.661e-07  7.657772e-01  2.280115e+00  1.000000e+00  0.000e+00  0.000e+00  1.000e+01 -2.006549e-01  2.514510e-03  9.796588e-01 -1.062137e+00  2.514547e+00  <samplecontainer>  <PE>  <BSE> 
    143       3  1.981463e+01  1.981463e+01  1.323e-06  1.885514e+00  9.959546e-01  1.000000e+00  2.794e-01  4.628e-01 -4.796e-01  7.547571e-01  2.505498e-01  6.062727e-01 -4.795886e-01  2.132391e+00  <LogSample>  <DielIoni>  <SE> 
    146       1  1.095290e+03  1.095290e+03  1.239e-06 -1.524418e+00  6.002065e+00  1.000000e+00  0.000e+00  0.000e+00  1.000e+01 -2.367404e-01  7.597300e-01  6.056107e-01 -4.305860e+00  6.192628e+00  <samplecontainer>  <PE>  <BSE> 
    146       7  9.357677e+00  9.357677e+00  4.712e-06  9.032677e-01  1.553238e-01  1.000000e+00 -3.728e-01  3.021e+00 -1.344e+00  2.727346e-01 -5.643343e-01  7.791936e-01 -1.534080e+00  3.043664e+00  <LogSample>  <DielIoni>  <SE> 
    147       1  1.010833e+03  1.010833e+03  1.432e-06 -1.564931e+01  4.551367e+00  1.000000e+00  0.000e+00  0.000e+00  1.000e+01 -9.128648e-01  5.513631e-02  4.045217e-01 -2.011630e+00  1.629773e+01  <samplecontainer>  <PE>  <BSE> 
    147       7  5.623059e+00  5.623059e+00  2.990e-06 -3.023975e+00  1.213669e+00  1.000000e+00 -3.392e+00  1.815e+00 -1.697e+00  3.268155e-01  2.852350e-02  9.446576e-01 -1.696579e+00  3.846900e+00  <LogSample>  <DielIoni>  <SE> 
    148      63  4.812216e+00  4.812216e+00  8.682e-06 -3.949364e-01  2.414313e+00  1.000000e+00  3.826e-03  1.213e-02 -2.405e+00  1.822699e-02  6.621484e-01  7.491511e-01 -3.502532e+00  2.446402e+00  <LogSample>  <DielIoni>  <SE> 
    149       2  7.409971e+00  7.409971e+00  2.474e-06 -3.563742e-01 -3.758415e-02  1.000000e+00  0.000e+00  1.043e-02 -4.173e-01 -2.031774e-01 -4.880322e-01  8.488484e-01 -6.339830e-01  7.368904e-01  <LogSample>  <DielIoni>  <SE> 
    151       3  1.216774e+01  1.216774e+01  3.197e-06 -1.475004e-01  1.790846e-01  1.000000e+00  2.063e-01  6.060e-02 -1.004e+00  1.016566e-01  2.334083e-01  9.670504e-01 -1.004375e+00  3.110008e-01  <LogSample>  <DielIoni>  <SE> 
    151       2  2.129288e+02  2.129288e+02  1.041e-06 -2.820824e+00 -1.245895e+00  1.000000e+00  0.000e+00  1.028e-02 -2.697e-01 -5.454438e-01 -1.494667e-01  8.247125e-01 -1.389297e+00  3.083716e+00  <LogSample>  <DielIoni>  <BSE> 
    159      60  1.743339e+01  1.743339e+01  1.276e-06  1.968842e-01 -3.793890e-01  1.000000e+00  2.473e-01  1.423e-01 -1.480e-01  1.880746e-01 -2.636430e-01  9.461080e-01 -2.945286e-01  4.274335e-01  <LogSample>  <DielIoni>  <SE> 
    161      25  2.932636e+00  2.932636e+00  2.391e-05 -1.048084e+01  2.137347e+00  1.000000e+00 -5.573e+00  7.316e-01 -3.818e+00 -2.351925e-01  7.001938e-01  6.741017e-01 -5.552423e+00  1.069655e+01  <LogSample>  <DielIoni>  <SE> 
    161      34  3.181053e+00  3.181053e+00  2.067e-05 -3.022799e+00  2.287435e+00  1.000000e+00 -6.157e+00 -5.502e-02 -4.908e+00 -1.475992e-01 -2.301039e-01  9.619078e-01 -4.907523e+00  6.157570e+00  <LogSample>  <DielIoni>  <SE> 
    161       2  1.141890e+01  1.141890e+01  1.668e-06  3.486726e-01  7.969007e-01  1.000000e+00  0.000e+00  1.003e-02 -1.703e-02  1.535476e-01  3.155718e-01  9.363961e-01 -4.280799e-01  8.698409e-01  <LogSample>  <DielIoni>  <SE> 
    162       3  9.129059e+00  9.129059e+00  4.855e-06 -4.501531e+00 -1.194385e+00  1.000000e+00 -4.932e-01 -4.128e-01 -1.843e+00 -7.316280e-01  4.962148e-01  4.674306e-01 -1.874929e+00  4.657289e+00  <LogSample>  <DielIoni>  <SE> 
    162       2  1.752022e+00  1.752022e+00  6.030e-06 -4.304780e-02 -4.847113e-01  1.000000e+00  0.000e+00  1.061e-02 -6.066e-01  1.976982e-01 -4.560589e-01  8.677129e-01 -8.224749e-01  1.811346e+00  <LogSample>  <DielIoni>  <SE> 
    162      63  8.416828e+00  8.416828e+00  2.546e-06  1.622100e+00  2.445080e+00  1.000000e+00  6.734e-01  1.495e+00 -3.234e-01  8.997312e-03  1.815183e-01  9.833464e-01 -5.638585e-01  2.934216e+00  <LogSample>  <DielIoni>  <SE> 
    162      60  2.578786e+01  2.578786e+01  1.244e-06  7.369088e-01  7.130596e-01  1.000000e+00  7.764e-01  1.180e+00 -8.198e-01 -1.300804e-01 -4.049751e-01  9.050272e-01 -8.197694e-01  1.618781e+00  <LogSample>  <DielIoni>  <SE> 
    165       1  5.030112e+02  5.030112e+02  3.657e-06  1.420945e+01  3.020245e+00  1.000000e+00  0.000e+00  0.000e+00  1.000e+01 -3.397199e-01  6.034425e-01  7.214205e-01 -1.289672e+01  2.191497e+01  <samplecontainer>  <PE>  <BSE> 
    168       1  5.946858e+02  5.946858e+02  3.984e-06 -4.349874e+01 -8.207319e+00  1.000000e+00  0.000e+00  0.000e+00  1.000e+01 -7.992794e-01 -3.202115e-01  5.085441e-01 -1.270632e+01  4.426624e+01  <samplecontainer>  <PE>  <BSE> 
    173       1  5.834592e+02  5.834592e+02  3.874e-06 -1.989489e+01 -2.847191e+01  1.000000e+00  0.000e+00  0.000e+00  1.000e+01  4.346678e-01 -8.197351e-01  3.729589e-01 -8.025856e+00  3.473408e+01  <samplecontainer>  <PE>  <BSE> 
    175      32  1.648825e+01  1.648825e+01  6.132e-06  2.217476e+00  1.136201e+01  1.000000e+00  2.395e+00  9.846e+00 -1.082e+00 -7.882694e-02  7.241219e-01  6.851524e-01 -1.082115e+00  1.157637e+01  <LogSample>  <DielIoni>  <SE> 
    176       2  3.455960e+01  3.455960e+01  8.577e-07 -5.838289e-01 -1.052754e-01  1.000000e+00  0.000e+00  1.017e-02 -1.571e-01 -4.001345e-01 -1.134084e-01  9.094124e-01 -1.704052e-01  5.932446e-01  <LogSample>  <DielIoni>  <SE> 
    178       1  1.220276e+03  1.220276e+03  1.044e-06  5.471614e+00  3.684513e+00  1.000000e+00  0.000e+00  0.000e+00  1.000e+01 -4.652866e-01  5.324677e-01  7.070972e-01 -2.111319e+00  7.071743e+00  <samplecontainer>  <PE>  <BSE> 
    179       1  6.251940e+02  6.251940e+02  1.886e-06  3.367025e+00  1.756038e+00  1.000000e+00  0.000e+00  0.000e+00  1.000e+01  3.493391e-01  7.473312e-01  5.652064e-01 -6.188131e+00  7.466966e+00  <samplecontainer>  <PE>  <BSE> 
    180       3  7.168107e+00  7.168107e+00  3.081e-06  7.738953e-01 -1.033492e+00  1.000000e+00 -4.274e-02  1.754e-02 -5.564e-01  8.375755e-02 -1.542993e-02  9.963667e-01 -1.518794e+00  1.301768e+00  <LogSample>  <DielIoni>  <SE> 
    180       2  2.302204e+01  2.302204e+01  1.970e-06 -2.684831e+00 -4.223119e-04  1.000000e+00 -4.274e-02  1.754e-02 -5.564e-01 -8.794620e-01  1.988345e-01  4.324481e-01 -7.543565e-01  2.684831e+00  <LogSample>  <DielIoni>  <SE> 
    180      63  1.132456e+01  1.132456e+01  2.033e-06 -1.961481e+00 -7.020568e-02  1.000000e+00 -4.783e-01 -4.993e-01 -1.685e-01 -7.870497e-01  2.276936e-01  5.733309e-01 -1.685040e-01  1.962737e+00  <LogSample>  <DielIoni>  <SE> 
    181       1  4.935492e+02  4.935492e+02  2.719e-06 -1.751261e+01 -5.825613e+00  1.000000e+00  0.000e+00  0.000e+00  1.000e+01 -7.511138e-01  2.017253e-01  6.285976e-01 -9.239801e+00  1.845614e+01  <samplecontainer>  <PE>  <BSE> 
    182       1  4.355268e+02  4.355268e+02  2.449e-06  2.074780e+01 -5.598074e+00  1.000000e+00  0.000e+00  0.000e+00  1.000e+01  6.913806e-01 -4.048698e-01  5.983923e-01 -8.129831e+00  2.148975e+01  <samplecontainer>  <PE>  <BSE> 
    185       1  1.157665e+03  1.157665e+03  1.172e-06  2.629178e+00  9.026852e+00  1.000000e+00  0.000e+00  0.000e+00  1.000e+01  3.272021e-01  8.286483e-01  4.541815e-01 -3.247508e+00  9.401949e+00  <samplecontainer>  <PE>  <BSE> 
    189       1  5.386275e+02  5.386275e+02  2.617e-06 -1.443952e+01 -2.180824e+01  1.000000e+00  0.000e+00  0.000e+00  1.000e+01 -7.490688e-01  1.178406e-01  6.519276e-01 -9.088477e+00  2.615529e+01  <samplecontainer>  <PE>  <BSE> 
    189      28  2.404347e+00  2.404347e+00  8.645e-06 -1.194958e+01 -2.423025e+01  1.000000e+00 -1.231e+01 -2.215e+01 -1.416e+00 -1.109417e-01 -3.693108e-01  9.226600e-01 -1.820300e+00  2.701661e+01  <LogSample>  <DielIoni>  <SE> 
    190      63  5.687228e+00  5.687228e+00  1.802e-06  8.332655e-01  4.776759e-01  1.000000e+00 -8.307e-03  4.500e-02 -9.315e-02  6.664149e-01  1.160533e-02  7.454908e-01 -2.531305e-01  9.604716e-01  <LogSample>  <DielIoni>  <SE> 
    194       2  9.885004e+00  9.885004e+00  1.849e-06 -1.334493e+00 -6.423378e-03  1.000000e+00  0.000e+00  1.051e-02 -5.026e-01 -7.640504e-01 -2.670426e-01  5.872948e-01 -5.025691e-01  1.334509e+00  <LogSample>  <DielIoni>  <SE> 
    195       2  5.464838e+00  5.464838e+00  1.696e-06 -1.297897e+00 -1.277720e-01  1.000000e+00  0.000e+00  1.016e-02 -1.498e-01 -7.726784e-01 -8.211473e-02  6.294643e-01 -1.498218e-01  1.304171e+00  <LogSample>  <DielIoni>  <SE> 
    199       1  5.035184e+02  5.035184e+02  3.068e-06  7.695524e+00  2.853863e+00  1.000000e+00  0.000e+00  0.000e+00  1.000e+01  7.402459e-01 -6.171752e-01  2.667034e-01 -1.037738e+01  8.306314e+00  <samplecontainer>  <PE>  <BSE> 
    199      19  1.239114e+02  1.239114e+02  3.089e-06  4.908587e+00  5.659086e+00  1.000000e+00  3.017e+00  6.004e+00 -5.242e-01  7.539570e-01 -1.841146e-01  6.305955e-01 -5.241601e-01  7.491293e+00  <LogSample>  <DielIoni>  <BSE> 
    199      18  4.370699e+00  4.370699e+00  6.299e-06  3.105016e+00  6.335717e+00  1.000000e+00  1.219e+00  5.738e+00 -8.835e-01  7.134496e-01 -4.817601e-01  5.088191e-01 -8.835204e-01  7.553086e+00  <LogSample>  <DielIoni>  <SE> 
    199      37  2.488633e+00  2.488633e+00  1.978e-05 -1.509069e+00  1.492631e+00  1.000000e+00  2.252e-01 -2.698e-01 -2.808e+00 -3.669583e-01 -1.691987e-01  9.147204e-01 -2.808362e+00  2.595553e+00  <LogSample>  <DielIoni>  <SE> 
    203       1  8.944583e+02  8.944583e+02  1.575e-06 -1.712955e+01 -7.704980e+00  1.000000e+00  0.000e+00  0.000e+00  1.000e+01 -8.408331e-01 -3.098001e-01  4.438734e-01 -2.269697e+00  1.878266e+01  <samplecontainer>  <PE>  <BSE> 
    203       6  4.552144e+00  4.552144e+00  1.213e-05 -3.570333e+00 -1.087233e+00  1.000000e+00 -6.950e+00 -2.966e+00 -1.820e+00  4.150033e-01  5.836286e-01  6.979613e-01 -1.819968e+00  7.556556e+00  <LogSample>  <DielIoni>  <SE> 
    204       1  9.481207e-01  9.481207e-01  2.711e-05 -5.993763e+00  1.391940e+01  1.000000e+00  0.000e+00  0.000e+00  1.000e+01 -1.562655e-01 -2.493811e-01  9.557145e-01 -7.298112e+00  1.627148e+01  <samplecontainer>  <PE>  <SE> 
    207       2  1.011240e+01  1.011240e+01  2.581e-06 -1.451052e+00  8.307619e-01  1.000000e+00  0.000e+00  1.038e-02 -3.754e-01 -8.545792e-01 -8.760117e-02  5.118794e-01 -4.716978e-01  1.672040e+00  <LogSample>  <DielIoni>  <SE> 
    213      55  1.029537e+01  1.029537e+01  5.523e-06  2.144705e+00  5.830808e-01  1.000000e+00 -6.421e-02  3.771e-01 -2.435e+00  8.062202e-01  6.336708e-02  5.882123e-01 -2.435473e+00  2.222553e+00  <LogSample>  <DielIoni>  <SE> 
    215       1  8.160115e+02  8.160115e+02  1.736e-06  2.563320e+00  4.292930e+00  1.000000e+00  0.000e+00  0.000e+00  1.000e+01 -2.143630e-01 -4.047613e-01  8.889414e-01 -8.014772e+00  8.740769e+00  <samplecontainer>  <PE>  <BSE> 
    215       7  3.239746e+00  3.239746e+00  2.617e-05 -5.636958e+00  5.510040e+00  1.000000e+00  2.420e+00  2.813e+00 -4.918e+00 -5.462102e-01  2.389035e-01  8.028571e-01 -6.521083e+00  7.882629e+00  <LogSample>  <DielIoni>  <SE> 
    215       3  7.722488e+00  7.722488e+00  5.994e-06 -1.480767e-01  7.515269e-01  1.000000e+00  6.398e-01  9.993e-01 -2.118e+00 -1.279281e-01  3.979105e-01  9.084611e-01 -2.160462e+00  1.186562e+00  <LogSample>  <DielIoni>  <SE> 
    218      55  2.940028e+00  2.940028e+00  2.395e-05 -5.461122e+00 -2.655678e+00  1.000000e+00 -1.530e+00  3.653e+00 -4.680e+00  4.149504e-01 -6.019809e-01  6.822281e-01 -4.979002e+00  8.820416e+00  <LogSample>  <DielIoni>  <SE> 
    219       2  7.808550e+01  7.808550e+01  7.301e-07 -2.714742e-01  5.665989e-01  1.000000e+00  0.000e+00  1.016e-02 -1.462e-01 -2.154630e-01  4.350955e-01  8.742240e-01 -1.461747e-01  6.282774e-01  <LogSample>  <DielIoni>  <BSE> 
    220       1  9.082616e+02  9.082616e+02  1.974e-06 -1.148748e+01 -9.478384e+00  1.000000e+00  0.000e+00  0.000e+00  1.000e+01 -2.580061e-01  1.177629e-01  9.589394e-01 -8.858420e+00  1.489301e+01  <samplecontainer>  <PE>  <BSE> 
    220      13  5.226477e-01  5.226477e-01  7.130e-05 -1.146540e+01 -1.040519e+01  1.000000e+00 -1.083e+01 -9.776e+00 -1.437e+00  2.468405e-01 -3.380451e-01  9.081824e-01 -4.097410e+00  1.644653e+01  <LogSample>  <DielIoni>  <SE> 
    221       2  5.180994e+00  5.180994e+00  1.573e-06 -5.002347e-01 -4.349655e-01  1.000000e+00  0.000e+00  1.057e-02 -5.618e-01 -3.468362e-01 -3.089104e-01  8.855953e-01 -5.618383e-01  6.628950e-01  <LogSample>  <DielIoni>  <SE> 
    224       1  8.746025e+02  8.746025e+02  2.896e-06 -5.566407e+00  2.822097e+01  1.000000e+00  0.000e+00  0.000e+00  1.000e+01  3.758068e-01  7.118189e-01  5.933659e-01 -4.544165e+00  2.876470e+01  <samplecontainer>  <PE>  <BSE> 
    224      15  2.596537e+00  2.596537e+00  1.393e-05 -1.068555e+01  1.934327e+01  1.000000e+00 -1.045e+01  1.611e+01 -4.544e+00 -3.578308e-01  2.124087e-01  9.093072e-01 -4.544165e+00  2.209849e+01  <LogSample>  <DielIoni>  <SE> 
    224      19  3.482113e+00  3.482113e+00  6.150e-06 -9.159212e+00  1.332078e+01  1.000000e+00 -8.626e+00  1.207e+01 -1.994e+00  2.444083e-01 -2.307261e-01  9.418227e-01 -2.089932e+00  1.667056e+01  <LogSample>  <DielIoni>  <SE> 
    224      21  4.923209e+00  4.923209e+00  8.151e-06 -9.336602e+00  9.283040e+00  1.000000e+00 -9.279e+00  1.234e+01 -2.090e+00 -5.037214e-01 -6.002987e-01  6.212135e-01 -2.089932e+00  1.544311e+01  <LogSample>  <DielIoni>  <SE> 
    224       8  3.360585e+00  3.360585e+00  1.474e-05 -9.532722e+00  1.239526e+01  1.000000e+00 -8.388e+00  1.167e+01 -1.742e+00 -2.948109e-01  2.726761e-01  9.158244e-01 -1.742131e+00  1.583904e+01  <LogSample>  <DielIoni>  <SE> 
    225      39  5.114884e+00  5.114884e+00  2.969e-05 -2.138339e+01 -1.736496e+01  1.000000e+00 -1.804e+01 -2.029e+01 -5.336e+00  1.797400e-01  5.686829e-01  8.026788e-01 -5.336281e+00  2.870966e+01  <LogSample>  <DielIoni>  <SE> 
    229       1  5.914312e+02  5.914312e+02  3.338e-06 -5.458115e+00  2.216814e+01  1.000000e+00  0.000e+00  0.000e+00  1.000e+01 -2.555484e-01  2.240901e-02  9.665365e-01 -1.852980e+01  2.283018e+01  <samplecontainer>  <PE>  <BSE> 
    238       2  1.108471e+01  1.108471e+01  3.977e-06  8.599729e-01 -2.433754e+00  1.000000e+00  0.000e+00  1.094e-02 -9.336e-01  1.145237e-01 -2.015916e-01  9.727513e-01 -9.756800e-01  2.581223e+00  <LogSample>  <DielIoni>  <SE> 
    239       3  1.446692e+01  1.446692e+01  2.578e-06  1.068044e+00 -1.530672e+00  1.000000e+00  0.000e+00  1.054e-02 -5.348e-01  4.750821e-01 -7.450486e-01  4.681875e-01 -7.916129e-01  1.866460e+00  <LogSample>  <DielIoni>  <SE> 
    239       2  3.618396e+01  3.618396e+01  1.269e-06  1.900423e+00  2.881573e-02  1.000000e+00  0.000e+00  1.054e-02 -5.348e-01  5.725548e-01 -2.864363e-01  7.682026e-01 -5.347749e-01  1.900642e+00  <LogSample>  <DielIoni>  <SE> 
    240       4  5.498796e-01  5.498796e-01  1.693e-05 -6.459694e-01 -1.763277e+00  1.000000e+00 -2.396e-01  3.499e-02 -1.144e+00 -1.161145e-01 -1.842895e-01  9.759891e-01 -1.341496e+00  2.383703e+00  <LogSample>  <DielIoni>  <SE> 
    241      70  1.079810e+00  1.079810e+00  4.386e-05 -7.111322e-01 -5.676453e+00  1.000000e+00  3.119e-01  1.471e-01 -5.666e+00 -1.247726e-02  3.752394e-01  9.268440e-01 -6.976940e+00  6.137912e+00  <LogSample>  <DielIoni>  <SE> 
    248       1  6.516298e+02  6.516298e+02  1.767e-06  1.011979e+01 -8.928346e+00  1.000000e+00  0.000e+00  0.000e+00  1.000e+01  5.310821e-01 -6.659023e-01  5.239522e-01 -6.664577e+00  1.349539e+01  <samplecontainer>  <PE>  <BSE> 
    249       1  8.178769e+02  8.178769e+02  1.501e-06 -1.231576e+00 -8.580786e+00  1.000000e+00  0.000e+00  0.000e+00  1.000e+01 -2.953424e-01 -2.859516e-02  9.549634e-01 -6.302191e+00  8.668718e+00  <samplecontainer>  <PE>  <BSE> 
    249      13  4.419773e+00  4.419773e+00  7.485e-06  2.033592e+00 -8.943047e+00  1.000000e+00 -3.714e-01 -8.530e+00 -1.545e+00  6.718392e-01 -6.110618e-01  4.186114e-01 -1.545068e+00  9.171346e+00  <LogSample>  <DielIoni>  <SE> 
    251       1  1.167805e+03  1.167805e+03  7.915e-07  8.293035e-02 -4.636501e+00  1.000000e+00  0.000e+00  0.000e+00  1.000e+01  2.078520e-02 -8.733940e-01  4.865705e-01 -1.339526e+00  4.637243e+00  <samplecontainer>  <PE>  <BSE> 
    253       1  3.767712e+02  3.767712e+02  2.994e-06  4.758020e+00 -2.555782e+01  1.000000e+00  0.000e+00  0.000e+00  1.000e+01 -1.859965e-01 -5.389012e-01  8.215782e-01 -7.199559e+00  2.599694e+01  <samplecontainer>  <PE>  <BSE> 
    253      28  1.332234e+01  1.332234e+01  4.467e-06  3.801160e+00 -2.497583e+01  1.000000e+00  2.635e+00 -2.290e+01 -3.004e-01 -2.559337e-01 -6.636740e-01  7.028761e-01 -5.359933e-01  2.526343e+01  <LogSample>  <DielIoni>  <SE> 
    254       1  1.249929e+03  1.249929e+03  6.368e-07  1.628729e+00  2.205278e+00  1.000000e+00  0.000e+00  0.000e+00  1.000e+01  5.384103e-01  7.255913e-01  4.285226e-01 -3.043481e-01  2.741535e+00  <samplecontainer>  <PE>  <BSE> 
    256      53  7.480055e+00  7.480055e+00  7.488e-06 -5.567293e+00  1.456421e+00  1.000000e+00 -5.614e+00 -2.002e+00 -7.124e-01 -4.520076e-01  6.942618e-01  5.600801e-01 -9.532896e-01  6.401988e+00  <LogSample>  <DielIoni>  <SE> 
    257       1  6.320844e+02  6.320844e+02  2.126e-06  1.665090e+01 -8.916118e+00  1.000000e+00  0.000e+00  0.000e+00  1.000e+01  6.411600e-01 -5.064873e-01  5.765279e-01 -7.114048e+00  1.888782e+01  <samplecontainer>  <PE>  <BSE> 
    257      20  4.648680e+00  4.648680e+00  2.902e-05 -3.644985e+00  5.356598e+00  1.000000e+00 -9.493e-01  4.181e+00 -4.995e+00  1.083385e-01  3.359441e-01  9.356304e-01 -5.701427e+00  6.479125e+00  <LogSample>  <DielIoni>  <SE> 
    258       1  9.683499e+02  9.683499e+02  1.568e-06  1.624407e+01 -2.360292e+00  1.000000e+00  0.000e+00  0.000e+00  1.000e+01  5.626362e-01  1.891708e-01  8.047701e-01 -4.452558e+00  1.641466e+01  <samplecontainer>  <PE>  <BSE> 
    258      12  3.238164e+00  3.238164e+00  9.477e-06  1.605769e+01 -6.059728e+00  1.000000e+00  1.495e+01 -2.767e+00 -8.909e-01 -4.508656e-01 -1.542220e-01  8.791676e-01 -1.256099e+00  1.774984e+01  <LogSample>  <DielIoni>  <SE> 
    258       3  2.569714e+00  2.569714e+00  2.449e-05 -5.577037e-01 -4.628754e+00  1.000000e+00  2.703e+00 -5.551e-01 -1.651e+00 -5.674690e-01 -6.966083e-01  4.389940e-01 -2.456431e+00  4.662231e+00  <LogSample>  <DielIoni>  <SE> 
    259      44  7.076602e-01  7.076602e-01  5.405e-05 -2.135121e+01 -3.928965e+00  1.000000e+00 -2.006e+01 -9.480e+00 -5.520e+00 -5.536818e-02 -3.022527e-02  9.980084e-01 -7.357003e+00  2.614430e+01  <LogSample>  <DielIoni>  <SE> 
    260      55  2.142647e+00  2.142647e+00  1.129e-05 -4.224713e+00  9.197961e+00  1.000000e+00 -5.262e+00  1.060e+01 -2.846e+00 -6.125376e-01 -3.735782e-01  6.965896e-01 -2.846389e+00  1.230918e+01  <LogSample>  <DielIoni>  <SE> 
    260      54  2.420300e+00  2.420300e+00  4.181e-05 -8.507938e+00  9.872357e+00  1.000000e+00 -5.229e+00  1.055e+01 -2.835e+00 -3.069866e-01 -3.092970e-01  9.000525e-01 -4.618315e+00  1.333321e+01  <LogSample>  <DielIoni>  <SE> 
    260       4  4.369818e+00  4.369818e+00  1.848e-05 -2.185942e+00  1.080088e+01  1.000000e+00 -4.465e+00  8.645e+00 -2.998e+00  8.331061e-01 -2.685839e-01  4.835255e-01 -3.426251e+00  1.324018e+01  <LogSample>  <DielIoni>  <SE> 
    260       2  1.023740e+01  1.023740e+01  1.344e-06 -3.074024e-01 -6.911708e-01  1.000000e+00  0.000e+00  1.020e-02 -1.887e-01 -2.238698e-01 -1.151010e-01  9.677986e-01 -1.886731e-01  7.564478e-01  <LogSample>  <DielIoni>  <SE> 
    263       1  4.865108e+02  4.865108e+02  3.133e-06  2.466095e+01  6.451659e-01  1.000000e+00  0.000e+00  0.000e+00  1.000e+01 -2.272485e-01  4.006947e-01  8.875820e-01 -9.449231e+00  2.501852e+01  <samplecontainer>  <PE>  <BSE> 
    263       3  1.938657e+01  1.938657e+01  1.818e-06  2.212677e+00 -5.232431e-03  1.000000e+00  1.887e+00 -6.536e-01 -6.358e-01  4.904729e-01  2.488982e-01  8.351563e-01 -9.391983e-01  2.212683e+00  <LogSample>  <DielIoni>  <SE> 
    264      38  2.109096e+00  2.109096e+00  1.037e-05  7.393902e+00  5.828487e+00  1.000000e+00  5.400e+00  5.274e+00 -2.146e+00  6.702724e-01  3.577999e-01  6.501647e-01 -2.254540e+00  9.414938e+00  <LogSample>  <DielIoni>  <SE> 
    264      30  5.281254e+00  5.281254e+00  4.275e-06  5.771473e+00  8.629444e+00  1.000000e+00  5.741e+00  8.801e+00 -2.814e-01  2.630515e-02 -1.472563e-01  9.887485e-01 -2.814198e-01  1.050781e+01  <LogSample>  <DielIoni>  <SE> 
    264      53  1.760777e+00  1.760777e+00  9.067e-06  8.720526e+00  6.912700e+00  1.000000e+00  6.618e+00  6.577e+00 -8.575e-01  4.090999e-01  2.661770e-01  8.728042e-01 -1.608810e+00  1.112803e+01  <LogSample>  <DielIoni>  <SE> 
    264      51  6.708072e+00  6.708072e+00  8.754e-06  6.481506e+00  9.344206e+00  1.000000e+00  6.645e+00  6.553e+00 -9.334e-01 -3.148577e-01  5.053547e-01  8.034185e-01 -1.073413e+00  1.137208e+01  <LogSample>  <DielIoni>  <SE> 
    265      23  1.850920e+00  1.850920e+00  1.475e-05 -3.422760e+00 -1.049850e+01  1.000000e+00 -4.649e+00 -1.314e+01 -3.043e+00  8.836615e-02 -9.867456e-02  9.911886e-01 -3.042940e+00  1.394204e+01  <LogSample>  <DielIoni>  <SE> 
    265      22  8.154907e+00  8.154907e+00  2.040e-05 -1.908473e+00 -1.367105e+01  1.000000e+00 -4.115e+00 -1.404e+01 -2.863e+00  8.701439e-01  2.810729e-01  4.047810e-01 -3.939177e+00  1.658619e+01  <LogSample>  <DielIoni>  <SE> 
    265      11  7.010639e+00  7.010639e+00  2.196e-05  1.118834e+00 -1.360134e+01  1.000000e+00  3.005e+00 -1.178e+01 -5.575e+00  4.998356e-01 -8.466602e-01  1.825674e-01 -5.660714e+00  1.364727e+01  <LogSample>  <DielIoni>  <SE> 
    270       1  6.846261e+02  6.846261e+02  3.110e-06  1.360089e+01  1.141294e+01  1.000000e+00  0.000e+00  0.000e+00  1.000e+01  3.194777e-01  8.247234e-02  9.439980e-01 -1.638633e+01  1.775499e+01  <samplecontainer>  <PE>  <BSE> 
    272       2  4.577030e+00  4.577030e+00  6.808e-06  7.401310e-01  1.535685e+00  1.000000e+00 -3.592e-01  5.845e-01 -3.075e+00  8.980745e-01  9.668597e-02  4.290852e-01 -3.075042e+00  1.947899e+00  <LogSample>  <DielIoni>  <SE> 
    273       2  1.945507e+02  1.945507e+02  9.203e-07  1.292873e+00 -1.271824e+00  1.000000e+00  5.450e-02 -1.715e-02 -1.487e+00  2.169841e-01 -3.305446e-01  9.185086e-01 -1.487303e+00  1.813576e+00  <LogSample>  <DielIoni>  <BSE> 
    278       2  1.074706e+01  1.074706e+01  3.643e-06 -4.980245e+00  1.420759e+00  1.000000e+00  0.000e+00  1.057e-02 -5.656e-01 -9.429018e-01  2.775850e-01  1.840729e-01 -5.656455e-01  5.178938e+00  <LogSample>  <DielIoni>  <SE> 
    281      30  6.360271e+00  6.360271e+00  6.540e-06  1.513663e+01  4.210310e+00  1.000000e+00  1.569e+01  3.137e+00 -7.357e-01 -6.590721e-01  5.194638e-01  5.438578e-01 -7.357446e-01  1.685187e+01  <LogSample>  <DielIoni>  <SE> 
    283       1  8.845440e+02  8.845440e+02  1.862e-06 -1.730837e+01  5.967778e+00  1.000000e+00  0.000e+00  0.000e+00  1.000e+01 -7.485734e-01  2.583373e-01  6.106551e-01 -7.702574e+00  1.830830e+01  <samplecontainer>  <PE>  <BSE> 
    284       3  8.856036e+00  8.856036e+00  5.278e-06  2.075664e-01  6.246428e-01  1.000000e+00 -2.563e-02  1.497e-02 -2.972e+00  1.692160e-02 -4.471447e-01  8.943016e-01 -2.972244e+00  1.238838e+00  <LogSample>  <DielIoni>  <SE> 
    285      70  3.342783e+00  3.342783e+00  4.539e-06  1.869022e+00  3.627293e-01  1.000000e+00 -5.085e-01  2.751e-01 -8.322e-01  9.110206e-01  6.812794e-02  4.066941e-01 -8.383017e-01  1.903895e+00  <LogSample>  <DielIoni>  <SE> 
    285      68  4.146450e+00  4.146450e+00  7.272e-06  8.418209e-01  7.719945e-01  1.000000e+00 -3.095e-01  4.511e-01 -2.282e-01 -7.364534e-02 -2.639093e-01  9.617319e-01 -1.476533e+00  2.050834e+00  <LogSample>  <DielIoni>  <SE> 
    290       6  1.955144e+00  1.955144e+00  1.953e-05 -7.240307e+00 -7.920138e+00  1.000000e+00  5.523e-01 -6.078e+00 -2.134e+00 -7.850418e-02 -6.011938e-01  7.952377e-01 -4.135814e+00  1.073083e+01  <LogSample>  <DielIoni>  <SE> 
    290      53  1.262762e+01  1.262762e+01  8.906e-06 -6.026300e+00 -1.941870e+00  1.000000e+00 -6.495e+00 -4.588e+00 -3.467e+00 -4.940442e-01  7.527730e-01  4.350323e-01 -3.466984e+00  7.952352e+00  <LogSample>  <DielIoni>  <SE> 
    294      35  9.721341e+00  9.721341e+00  3.156e-06  4.331216e+00  9.132194e+00  1.000000e+00  4.052e+00  8.049e+00 -1.734e-01  1.611006e-01  7.693150e-01  6.182241e-01 -4.069933e-01  1.010724e+01  <LogSample>  <DielIoni>  <SE> 
    294      40  1.303029e+01  1.303029e+01  2.747e-06  4.506956e+00  1.194018e+01  1.000000e+00  3.220e+00  1.181e+01 -5.468e-01  6.350402e-01  3.779932e-01  6.736803e-01 -5.467923e-01  1.276247e+01  <LogSample>  <DielIoni>  <SE> 
    294      14  1.121683e+01  1.121683e+01  3.109e-06  1.910849e+00  1.012349e+01  1.000000e+00  3.855e+00  1.135e+01 -3.096e-01 -5.927330e-01  5.787577e-02  8.033168e-01 -3.968679e-01  1.198389e+01  <LogSample>  <DielIoni>  <SE> 
    294      44  6.965695e+00  6.965695e+00  3.922e-06  6.915907e+00  9.217162e+00  1.000000e+00  3.840e+00  1.134e+01 -3.252e-01  7.878037e-01 -5.388301e-01  2.983747e-01 -3.616416e-01  1.208813e+01  <LogSample>  <DielIoni>  <SE> 
    297      47  2.921627e+00  2.921627e+00  2.442e-05  2.583614e+00  2.519897e+00  1.000000e+00 -7.970e-01  3.902e+00 -3.213e+00 -9.161572e-02 -5.428837e-01  8.347957e-01 -3.213378e+00  5.977634e+00  <LogSample>  <DielIoni>  <SE> 
    297       3  7.278764e+00  7.278764e+00  4.287e-06  3.599191e+00 -6.009226e-01  1.000000e+00  1.908e-04  7.637e-03 -7.504e-01  9.346811e-01 -2.140882e-01  2.837912e-01 -7.503650e-01  3.649012e+00  <LogSample>  <DielIoni>  <SE> 
    298       2  2.383632e+00  2.383632e+00  1.747e-06 -2.430516e-01 -3.395714e-01  1.000000e+00  0.000e+00  1.020e-02 -1.930e-01 -2.106551e-01 -3.031521e-01  9.293671e-01 -1.930369e-01  4.175917e-01  <LogSample>  <DielIoni>  <SE> 
    299       1  5.599863e+02  5.599863e+02  3.005e-06  1.911149e+01 -8.905958e+00  1.000000e+00  0.000e+00  0.000e+00  1.000e+01  7.233061e-01 -5.506948e-01  4.166095e-01 -1.099927e+01  2.108472e+01  <samplecontainer>  <PE>  <BSE> 
    299      21  1.215743e+01  1.215743e+01  3.940e-06  1.568219e+01 -7.004136e+00  1.000000e+00  1.601e+01 -6.498e+00 -8.909e-01 -1.329975e-01 -5.329384e-01  8.356365e-01 -8.909072e-01  1.727602e+01  <LogSample>  <DielIoni>  <SE> 
    301       1  1.230647e+03  1.230647e+03  9.240e-07  3.850978e+00  2.823807e+00  1.000000e+00  0.000e+00  0.000e+00  1.000e+01  5.517732e-01  3.450791e-01  7.592541e-01 -2.825356e+00  4.775344e+00  <samplecontainer>  <PE>  <BSE> 
    303       1  3.684843e+02  3.684843e+02  1.720e-06 -1.343378e+00  1.374116e+01  1.000000e+00  0.000e+00  0.000e+00  1.000e+01 -2.143622e-01  1.732629e-01  9.612642e-01 -3.479333e+00  1.380667e+01  <samplecontainer>  <PE>  <BSE> 
    306       1  6.851607e+02  6.851607e+02  2.716e-06 -6.511042e+00  8.352921e+00  1.000000e+00  0.000e+00  0.000e+00  1.000e+01 -7.705383e-01 -5.009924e-01  3.940524e-01 -1.545258e+01  1.120781e+01  <samplecontainer>  <PE>  <BSE> 
    306      22  1.726972e+01  1.726972e+01  3.214e-06 -2.929518e+00  1.076616e+01  1.000000e+00 -3.662e+00  1.011e+01 -4.294e-01  3.206714e-01  5.451338e-01  7.745960e-01 -4.293588e-01  1.115761e+01  <LogSample>  <DielIoni>  <SE> 
    307       1  8.245689e+02  8.245689e+02  1.522e-06  1.297327e+01 -7.284567e-02  1.000000e+00  0.000e+00  0.000e+00  1.000e+01  7.712544e-01  1.545108e-01  6.174893e-01 -5.003740e+00  1.297348e+01  <samplecontainer>  <PE>  <BSE> 
    308       1  4.492532e+02  4.492532e+02  3.585e-06 -2.131757e+01  1.784546e+01  1.000000e+00  0.000e+00  0.000e+00  1.000e+01 -4.344894e-01 -3.886716e-01  8.124982e-01 -1.729802e+01  2.780107e+01  <samplecontainer>  <PE>  <BSE> 
    308      27  2.093395e+01  2.093395e+01  4.251e-06 -1.953933e+01  1.783831e+01  1.000000e+00 -2.055e+01  1.854e+01 -5.107e-01  5.743356e-01 -6.999696e-02  8.156219e-01 -5.107145e-01  2.767668e+01  <LogSample>  <DielIoni>  <SE> 
    308      30  1.235325e+01  1.235325e+01  4.543e-06 -2.089106e+01  1.670334e+01  1.000000e+00 -2.041e+01  1.812e+01 -1.375e-01 -2.593426e-01 -7.601346e-01  5.957657e-01 -1.715440e-01  2.729465e+01  <LogSample>  <DielIoni>  <SE> 
    308      32  2.769614e+00  2.769614e+00  2.409e-05 -1.626830e+01  2.300177e+01  1.000000e+00 -1.931e+01  1.962e+01 -1.460e+00  3.556199e-02 -1.425710e-01  9.891455e-01 -2.077261e+00  2.904865e+01  <LogSample>  <DielIoni>  <SE> 
    311       1  8.800560e+02  8.800560e+02  1.353e-06 -5.678853e-01  8.288094e+00  1.000000e+00  0.000e+00  0.000e+00  1.000e+01 -4.305406e-01 -6.906345e-01  5.810841e-01 -2.005771e+00  1.093821e+01  <samplecontainer>  <PE>  <BSE> 
    311      10  2.999944e+00  2.999944e+00  4.641e-06  1.149824e+00  9.147568e+00  1.000000e+00  3.318e-01  1.086e+01 -1.689e+00 -1.017322e-01 -1.547090e-01  9.827083e-01 -1.689028e+00  1.086686e+01  <LogSample>  <DielIoni>  <SE> 
    311       6  6.868711e+00  6.868711e+00  1.297e-05 -2.482181e+00  2.991480e+00  1.000000e+00  8.852e-01  5.253e+00 -1.415e+00 -7.666569e-01  1.683087e-01  6.196042e-01 -2.500918e+00  5.327246e+00  <LogSample>  <DielIoni>  <SE> 
    311      20  9.148262e+00  9.148262e+00  2.030e-06 -1.409817e+00  1.093020e-01  1.000000e+00  1.223e-01  3.829e-01 -5.641e-01 -7.532287e-01 -1.682854e-01  6.358667e-01 -5.928165e-01  1.414048e+00  <LogSample>  <DielIoni>  <SE> 
    318       1  1.002953e+03  1.002953e+03  8.469e-07  4.768259e-01  2.896180e+00  1.000000e+00  0.000e+00  0.000e+00  1.000e+01  2.135293e-01  4.178633e-01  8.830603e-01 -2.100801e+00  2.935170e+00  <samplecontainer>  <PE>  <BSE> 
    318      11  6.733822e+00  6.733822e+00  7.402e-06  1.092113e+00  1.795833e+00  1.000000e+00 -1.616e-01  1.183e+00 -1.899e+00  4.942478e-01 -4.799860e-01  7.247983e-01 -1.898916e+00  2.672998e+00  <LogSample>  <DielIoni>  <SE> 
    319       1  1.177500e+03  1.177500e+03  1.113e-06  7.242887e+00  2.719263e+00  1.000000e+00  0.000e+00  0.000e+00  1.000e+01  5.336643e-01 -3.369942e-02  8.450247e-01 -3.490637e+00  7.736524e+00  <samplecontainer>  <PE>  <BSE> 
    323       1  1.249902e+03  1.249902e+03  6.304e-07 -2.183394e-01  2.807626e-02  1.000000e+00  0.000e+00  0.000e+00  1.000e+01 -1.038445e-01  8.072996e-03  9.945608e-01 -1.096680e+00  2.201371e-01  <samplecontainer>  <PE>  <BSE> 
    324       2  1.462097e+01  1.462097e+01  1.963e-06  1.008826e-01 -5.278310e-01  1.000000e+00  0.000e+00  1.033e-02 -3.185e-01  5.195338e-01  6.072668e-02  8.522892e-01 -7.001328e-01  8.243910e-01  <LogSample>  <DielIoni>  <SE> 
    325      69  6.932487e+00  6.932487e+00  3.237e-06  1.768053e+00  8.878139e-01  1.000000e+00  5.312e-01  4.480e-01 -1.889e+00 -6.189961e-02  7.064144e-01  7.050866e-01 -1.888758e+00  2.075188e+00  <LogSample>  <DielIoni>  <SE> 
    326       1  5.932893e+02  5.932893e+02  2.120e-06 -5.288997e+00  1.208175e+01  1.000000e+00  0.000e+00  0.000e+00  1.000e+01 -2.485509e-01  8.438738e-01  4.754992e-01 -7.365661e+00  1.318871e+01  <samplecontainer>  <PE>  <BSE> 
    326      21  2.013613e+01  2.013613e+01  3.604e-06 -8.077996e+00  1.087385e+01  1.000000e+00 -4.478e+00  9.328e+00 -5.769e-01 -8.237372e-01  4.744277e-01  3.104438e-01 -5.769061e-01  1.354602e+01  <LogSample>  <DielIoni>  <SE> 
    328      66  6.440630e+00  6.440630e+00  2.734e-05  3.046861e-01  6.013588e+00  1.000000e+00  1.206e+00  1.043e-01 -7.321e+00  7.705088e-02  8.829443e-01  4.631119e-01 -7.321482e+00  6.021302e+00  <LogSample>  <DielIoni>  <SE> 
    329       2  2.891735e+00  2.891735e+00  3.597e-06 -7.749299e-01 -1.635894e+00  1.000000e+00  0.000e+00  1.008e-02 -7.317e-02 -6.046049e-01 -5.108666e-01  6.111205e-01 -4.907421e-01  1.810157e+00  <LogSample>  <DielIoni>  <SE> 
    330       1  2.792786e+02  2.792786e+02  3.056e-06  3.168095e+00  8.748825e+00  1.000000e+00  0.000e+00  0.000e+00  1.000e+01 -5.715625e-01 -1.620390e-01  8.044002e-01 -1.355215e+01  1.061032e+01  <samplecontainer>  <PE>  <BSE> 
    330      14  3.354208e+02  3.354208e+02  2.983e-06  5.575851e+00  1.046275e+01  1.000000e+00  5.161e+00  9.271e+00 -1.477e+00  2.002253e-01  4.499630e-01  8.703121e-01 -1.477006e+00  1.185577e+01  <LogSample>  <DielIoni>  <BSE> 
    332       2  3.519974e+00  3.519974e+00  9.753e-06  4.386216e+00 -6.274981e-01  1.000000e+00  0.000e+00  1.117e-02 -1.162e+00  1.869509e-02 -7.556512e-01  6.547074e-01 -1.684615e+00  4.430874e+00  <LogSample>  <DielIoni>  <SE> 
    336      38  1.831030e+00  1.831030e+00  2.071e-05 -2.914539e+01  2.133268e+01  1.000000e+00 -2.715e+01  1.831e+01 -6.081e+00  1.270827e-01  3.574583e-01  9.252424e-01 -6.080727e+00  3.695879e+01  <LogSample>  <DielIoni>  <SE> 
    340       2  2.766268e+00  2.766268e+00  5.730e-06 -9.906522e-01  5.316464e-02  1.000000e+00  0.000e+00  1.161e-02 -1.609e+00 -7.766987e-01  4.145117e-02  6.285069e-01 -1.609269e+00  9.920778e-01  <LogSample>  <DielIoni>  <SE> 
    343       2  7.923312e+00  7.923312e+00  1.130e-05 -6.583012e-01  3.325715e+00  1.000000e+00 -1.662e+00  3.540e+00 -2.543e+00 -5.680643e-01  3.015662e-01  7.657420e-01 -3.207070e+00  4.402996e+00  <LogSample>  <DielIoni>  <SE> 
    344       5  6.908215e-01  6.908215e-01  4.675e-05 -8.493715e-01 -1.221358e+00  1.000000e+00  5.443e-01  5.834e-01 -6.972e+00  7.822859e-02  3.561548e-01  9.311466e-01 -7.960969e+00  3.534966e+00  <LogSample>  <DielIoni>  <SE> 
    346      58  5.182734e+00  5.182734e+00  1.287e-05 -6.273508e+00  6.881123e+00  1.000000e+00 -5.025e+00  7.729e+00 -5.308e+00  5.985354e-01  1.302851e-01  7.904310e-01 -5.307678e+00  1.074746e+01  <LogSample>  <DielIoni>  <SE> 
    347       1  5.025369e+02  5.025369e+02  3.239e-06 -7.527418e+00 -2.338987e+01  1.000000e+00  0.000e+00  0.000e+00  1.000e+01  3.600891e-01 -4.591936e-01  8.120819e-01 -1.683773e+01  2.457129e+01  <samplecontainer>  <PE>  <BSE> 
    354      29  4.743023e+00  4.743023e+00  1.715e-05  9.377603e+00  1.195914e+00  1.000000e+00  6.799e+00  1.690e+00 -4.430e+00  5.845127e-01 -6.756799e-01  4.492232e-01 -4.430127e+00  9.453552e+00  <LogSample>  <DielIoni>  <SE> 
    354      56  5.637917e+00  5.637917e+00  9.888e-06  1.940874e+00 -2.465674e-01  1.000000e+00  6.310e+00  5.517e-01 -4.990e+00 -2.871734e-01 -6.772891e-01  6.773558e-01 -4.990394e+00  6.334422e+00  <LogSample>  <DielIoni>  <SE> 
    354       4  1.378515e+00  1.378515e+00  9.704e-06  3.564368e-02  2.444794e+00  1.000000e+00  3.594e-03  4.747e-02 -2.373e+00  3.740034e-01  4.618767e-01  8.042334e-01 -2.373001e+00  2.445054e+00  <LogSample>  <DielIoni>  <SE> 
    355      60  8.967634e-01  8.967634e-01  5.296e-05  2.908725e+00  1.710403e+00  1.000000e+00 -8.243e-02  4.079e+00 -9.013e+00 -4.711542e-01  2.262478e-01  8.525407e-01 -9.363639e+00  4.447614e+00  <LogSample>  <DielIoni>  <SE> 
    357       3  1.738782e+00  1.738782e+00  2.358e-05  3.243958e+00 -6.652758e-01  1.000000e+00  9.044e-02  2.103e-01 -1.695e+00 -4.559390e-01 -4.651648e-01  7.587762e-01 -4.371656e+00  4.047246e+00  <LogSample>  <DielIoni>  <SE> 
    365       1  4.976004e+02  4.976004e+02  2.423e-06  6.428447e+00  1.274264e+01  1.000000e+00  0.000e+00  0.000e+00  1.000e+01  2.714014e-01 -7.368214e-01  6.192216e-01 -6.201758e+00  1.685931e+01  <samplecontainer>  <PE>  <BSE> 
    366      15  3.685105e+00  3.685105e+00  3.151e-05  5.703090e+00 -1.952518e+01  1.000000e+00 -1.015e+00 -1.828e+01 -9.364e+00 -4.112633e-01  5.576578e-01  7.210272e-01 -9.363675e+00  2.133209e+01  <LogSample>  <DielIoni>  <SE> 
    369       2  2.885109e+00  2.885109e+00  3.959e-06  2.431889e+00  9.188346e-01  1.000000e+00  0.000e+00  1.039e-02 -3.792e-01  6.490380e-01 -3.267866e-01  6.869935e-01 -1.218108e+00  2.599681e+00  <LogSample>  <DielIoni>  <SE> 
    370       1  1.034482e+03  1.034482e+03  8.809e-07  5.141787e+00  8.183198e-01  1.000000e+00  0.000e+00  0.000e+00  1.000e+01  7.431378e-01  2.121439e-01  6.346190e-01 -1.673058e+00  5.206498e+00  <samplecontainer>  <PE>  <BSE> 
    370       7  6.470218e+00  6.470218e+00  2.221e-06  3.442001e+00  1.081152e+00  1.000000e+00  3.117e+00  3.856e-01 -6.681e-01  6.469994e-01  1.500019e-01  7.475903e-01 -6.680528e-01  3.607805e+00  <LogSample>  <DielIoni>  <SE> 
    370       2  4.301452e+00  4.301452e+00  5.664e-06 -1.159382e+00  9.764809e-01  1.000000e+00  8.082e-01  6.965e-01 -1.521e+00 -6.421696e-01  4.327953e-01  6.326977e-01 -1.521471e+00  1.515810e+00  <LogSample>  <DielIoni>  <SE> 
    371       1  1.067370e+03  1.067370e+03  1.553e-06 -8.236908e-01 -8.522428e+00  1.000000e+00  0.000e+00  0.000e+00  1.000e+01 -1.167303e-01 -7.313388e-01  6.719506e-01 -4.841241e+00  8.562140e+00  <samplecontainer>  <PE>  <BSE> 
    374      65  4.857608e+00  4.857608e+00  1.470e-05 -2.163276e+00  4.474228e-02  1.000000e+00 -1.373e+00 -2.886e-01 -3.332e+00  4.773769e-01 -2.084843e-01  8.536074e-01 -3.844745e+00  3.820760e+00  <LogSample>  <DielIoni>  <SE> 
    375      65  4.342326e+00  4.342326e+00  5.691e-06  1.160297e+00 -1.814256e+00  1.000000e+00  3.914e-01  1.083e-02 -1.722e+00  4.590691e-01  4.428396e-01  7.701615e-01 -1.721658e+00  2.567190e+00  <LogSample>  <DielIoni>  <SE> 
    377      62  8.379157e+00  8.379157e+00  2.417e-06 -1.303160e+00 -1.049102e+00  1.000000e+00  1.960e-01 -1.444e-01 -1.176e+00 -1.857399e-02 -1.728336e-01  9.847759e-01 -1.451242e+00  1.672974e+00  <LogSample>  <DielIoni>  <SE> 
    380       1  5.435480e+02  5.435480e+02  1.640e-06  1.179946e+01  8.612445e+00  1.000000e+00  0.000e+00  0.000e+00  1.000e+01  7.236396e-01  2.695800e-01  6.353522e-01 -2.062850e+00  1.460827e+01  <samplecontainer>  <PE>  <BSE> 
    380       4  5.838458e+02  5.838458e+02  9.750e-07  4.129403e+00  3.298385e+00  1.000000e+00  3.517e+00  2.823e+00 -6.566e-01  3.351205e-01  2.686031e-01  9.030762e-01 -6.566319e-01  5.285008e+00  <LogSample>  <DielIoni>  <BSE> 
    381       3  3.740106e+00  3.740106e+00  5.793e-06  2.007090e-01 -2.796018e+00  1.000000e+00  2.442e-02  4.372e-02 -2.047e+00  9.589706e-02 -5.318407e-01  8.413972e-01 -2.195614e+00  2.803213e+00  <LogSample>  <DielIoni>  <SE> 
    383       1  1.158978e+03  1.158978e+03  8.202e-07 -1.543121e+00  5.538934e+00  1.000000e+00  0.000e+00  0.000e+00  1.000e+01 -2.695313e-01  8.894193e-01  3.691697e-01 -1.186738e+00  5.749871e+00  <samplecontainer>  <PE>  <BSE> 
    384      45  3.906374e+00  3.906374e+00  2.001e-05  7.909360e+00 -1.761894e+00  1.000000e+00  7.367e+00 -2.874e+00 -1.622e+00 -2.689980e-01 -3.046073e-01  9.137037e-01 -2.772018e+00  8.566292e+00  <LogSample>  <DielIoni>  <SE> 
    384       4  6.729094e+00  6.729094e+00  2.007e-06  2.057204e-01  6.827995e-01  1.000000e+00 -4.463e-02  2.993e-02 -8.475e-01  5.669803e-03 -5.769016e-02  9.983184e-01 -8.475081e-01  7.830995e-01  <LogSample>  <DielIoni>  <SE> 
    384       3  1.171583e+01  1.171583e+01  2.828e-06 -1.830196e-02 -3.761219e+00  1.000000e+00 -2.897e-04  1.158e-02 -6.057e-01 -1.315968e-01 -9.418099e-01  3.093160e-01 -8.161039e-01  3.761264e+00  <LogSample>  <DielIoni>  <SE> 
    387       1  2.864388e+00  2.864388e+00  7.000e-06 -2.109077e+00  2.178187e+00  1.000000e+00  0.000e+00  0.000e+00  1.000e+01  4.109518e-02 -4.988763e-01  8.656984e-01 -5.235313e+00  5.078523e+00  <samplecontainer>  <PE>  <SE> 
    387      17  5.581703e+00  5.581703e+00  1.060e-05 -1.207350e+00  2.790751e+00  1.000000e+00 -3.277e+00  3.246e+00 -1.611e+00  9.528185e-01  2.190529e-01  2.101255e-01 -1.610610e+00  6.032407e+00  <LogSample>  <DielIoni>  <SE> 
    387      31  5.292959e+00  5.292959e+00  1.118e-05 -3.044388e+00  3.107355e+00  1.000000e+00 -4.376e+00  3.209e+00 -1.607e+00  7.903576e-01  3.346529e-02  6.117311e-01 -1.819632e+00  6.178855e+00  <LogSample>  <DielIoni>  <SE> 
    389       4  3.753489e+00  3.753489e+00  5.109e-05 -2.939369e+00 -1.002431e+01  1.000000e+00  2.597e-01 -1.028e+00 -5.226e+00 -2.634319e-01  1.795158e-01  9.478279e-01 -6.343957e+00  1.057601e+01  <LogSample>  <DielIoni>  <SE> 
    391      49  2.149718e+00  2.149718e+00  1.841e-05 -2.083269e+00  1.633998e+00  1.000000e+00  3.217e-01 -4.483e-01 -2.836e+00 -3.317722e-01  4.445691e-01  8.320370e-01 -3.217758e+00  2.647633e+00  <LogSample>  <DielIoni>  <SE> 
    392      69  6.419604e+00  6.419604e+00  3.289e-06 -1.303295e-01  2.881907e-01  1.000000e+00  3.209e-01 -5.455e-01 -1.375e+00 -7.604483e-01 -2.017757e-01  6.172560e-01 -1.375283e+00  1.763977e+00  <LogSample>  <DielIoni>  <SE> 
    393       3  4.394338e+00  4.394338e+00  7.525e-06  1.777846e+00 -1.001877e-01  1.000000e+00  3.509e-02 -2.379e-02 -1.494e+00  7.714385e-01  2.565354e-01  5.822991e-01 -1.625652e+00  1.780666e+00  <LogSample>  <DielIoni>  <SE> 
    394      59  1.862941e+00  1.862941e+00  1.421e-05 -9.668883e-01  1.530185e+00  1.000000e+00  1.156e-02 -3.002e-03 -2.970e+00  1.364681e-01 -3.117707e-01  9.403061e-01 -2.997542e+00  2.981685e+00  <LogSample>  <DielIoni>  <SE> 
    395       2  6.658257e+00  6.658257e+00  1.242e-05 -8.395077e-01  2.458321e+00  1.000000e+00 -8.351e-01  2.243e-01 -4.361e+00  2.051136e-01 -6.883508e-01  6.957741e-01 -4.361196e+00  4.291525e+00  <LogSample>  <DielIoni>  <SE> 
    400      68  5.037224e+00  5.037224e+00  2.275e-05 -3.657040e+00 -3.337179e+00  1.000000e+00 -1.740e+00 -3.845e-01 -1.937e+00 -4.887742e-01 -8.486209e-01  2.023419e-01 -3.713578e+00  4.950829e+00  <LogSample>  <DielIoni>  <SE> 
    401       1  2.591349e+02  2.591349e+02  3.715e-06  1.742618e+01 -2.074463e+01  1.000000e+00  0.000e+00  0.000e+00  1.000e+01 -1.908706e-01  3.804376e-01  9.048954e-01 -1.331498e+01  2.812980e+01  <samplecontainer>  <PE>  <BSE> 
    401      25  1.004801e+01  1.004801e+01  4.505e-06  1.755745e+01 -2.096330e+01  1.000000e+00  1.768e+01 -2.063e+01 -7.118e-01  6.893607e-02 -4.381420e-01  8.962585e-01 -7.117759e-01  2.734454e+01  <LogSample>  <DielIoni>  <SE> 
    401      21  4.994112e+00  4.994112e+00  2.670e-05  2.231844e+01 -2.143164e+01  1.000000e+00  1.624e+01 -2.138e+01 -9.917e-01  3.333662e-01 -3.161319e-01  8.882160e-01 -3.306638e+00  3.131044e+01  <LogSample>  <DielIoni>  <SE> 
    401      35  1.032429e+01  1.032429e+01  5.265e-06  1.178546e+01 -1.894720e+01  1.000000e+00  1.255e+01 -2.043e+01 -1.404e+00 -3.928213e-01  4.485301e-01  8.028151e-01 -1.403756e+00  2.397274e+01  <LogSample>  <DielIoni>  <SE> 
    401      38  3.135864e+00  3.135864e+00  6.710e-06  1.273695e+01 -1.705688e+01  1.000000e+00  1.239e+01 -1.803e+01 -1.328e+00  2.319442e-01  5.112994e-01  8.275112e-01 -1.327924e+00  2.188044e+01  <LogSample>  <DielIoni>  <SE> 
    401      13  2.196087e+02  2.196087e+02  2.982e-06  1.351476e+01 -1.899248e+01  1.000000e+00  1.329e+01 -1.874e+01 -1.293e+00  2.267648e-01  1.344730e-01  9.646215e-01 -1.293325e+00  2.331015e+01  <LogSample>  <DielIoni>  <BSE> 
    402       2  5.088775e+00  5.088775e+00  8.440e-06  3.476362e+00 -2.501920e+00  1.000000e+00  0.000e+00  1.099e-02 -9.856e-01  6.689778e-01 -7.022184e-01  2.436350e-01 -1.824396e+00  4.283071e+00  <LogSample>  <DielIoni>  <SE> 
    403       4  3.484267e+00  3.484267e+00  1.222e-05 -1.958307e+00 -9.909057e-01  1.000000e+00  2.223e-02  2.309e-02 -2.676e+00  2.345573e-01 -7.895700e-01  5.670645e-01 -2.748681e+00  2.416883e+00  <LogSample>  <DielIoni>  <SE> 
    404       1  1.077720e+03  1.077720e+03  1.956e-06 -6.129517e+00 -1.904505e+01  1.000000e+00  0.000e+00  0.000e+00  1.000e+01  1.089861e-01 -4.044454e-01  9.080451e-01 -5.394882e+00  2.000712e+01  <samplecontainer>  <PE>  <BSE> 
    404       5  1.420824e+01  1.420824e+01  3.716e-06 -7.190444e+00 -1.867271e+01  1.000000e+00 -6.462e+00 -1.800e+01 -1.369e+00 -1.872916e-01 -7.659219e-02  9.793138e-01 -1.369173e+00  2.000931e+01  <LogSample>  <DielIoni>  <SE> 
    405      30  3.875199e+00  3.875199e+00  3.533e-06 -1.161400e+00 -1.189365e+00  1.000000e+00 -1.125e+00  2.795e-02 -7.078e-01 -2.067487e-02 -6.940513e-01  7.196286e-01 -7.078153e-01  1.662359e+00  <LogSample>  <DielIoni>  <SE> 
    405      42  4.038392e+00  4.038392e+00  5.814e-06  3.645023e+00 -5.320441e+00  1.000000e+00  4.128e+00 -2.237e+00 -1.063e+00  3.491233e-01 -6.907751e-01  6.332003e-01 -1.063442e+00  6.449286e+00  <LogSample>  <DielIoni>  <SE> 
    405      40  5.050246e-01  5.050246e-01  9.282e-06  2.043616e+00 -1.989402e+00  1.000000e+00  3.618e+00 -1.720e+00 -8.351e-01 -2.405503e-01  1.511989e-01  9.587880e-01 -1.299703e+00  4.936433e+00  <LogSample>  <DielIoni>  <SE> 
    405      15  3.060351e+01  3.060351e+01  1.564e-06  4.244568e+00 -1.169591e+00  1.000000e+00  3.463e+00 -3.941e-01 -1.328e-01  5.765858e-01 -2.619669e-01  7.739006e-01 -1.327817e-01  4.402761e+00  <LogSample>  <DielIoni>  <SE> 
    405      50  1.187860e+01  1.187860e+01  4.374e-06 -8.315787e-03  1.657727e+00  1.000000e+00 -1.009e-01 -1.166e-02 -7.173e-01  4.425774e-01  6.364536e-01  6.317057e-01 -1.293033e+00  1.657748e+00  <LogSample>  <DielIoni>  <SE> 
    405      53  2.235719e+00  2.235719e+00  1.997e-06 -4.408779e-01  4.002768e-01  1.000000e+00 -2.149e-01  3.706e-01 -4.804e-01 -1.875246e-01  2.464890e-02  9.819506e-01 -4.804110e-01  5.954787e-01  <LogSample>  <DielIoni>  <SE> 
    405       4  1.656201e+00  1.656201e+00  6.746e-06 -1.708319e+00 -8.997248e-01  1.000000e+00 -6.446e-02  1.239e-01 -6.046e-01 -5.590715e-01 -4.467887e-01  6.984404e-01 -1.062555e+00  1.930767e+00  <LogSample>  <DielIoni>  <SE> 
    405      60  7.277877e+00  7.277877e+00  3.157e-06  3.282101e-01 -1.256206e-01  1.000000e+00 -6.205e-01 -9.924e-02 -7.011e-01  7.171904e-01  1.304352e-01  6.845616e-01 -7.855182e-01  1.304730e+00  <LogSample>  <DielIoni>  <SE> 
    405      65  4.415781e+00  4.415781e+00  4.110e-06  6.305545e-01 -1.179200e-01  1.000000e+00 -1.520e-01  3.579e-01 -6.245e-01  1.466850e-01 -4.594804e-01  8.759916e-01 -1.561111e+00  8.550738e-01  <LogSample>  <DielIoni>  <SE> 
    405      66  6.602101e+00  6.602101e+00  3.035e-06  1.365388e+00  1.237178e+00  1.000000e+00 -1.901e-01  9.021e-02 -6.298e-01  8.074170e-01  2.484004e-02  5.894580e-01 -6.298226e-01  1.842523e+00  <LogSample>  <DielIoni>  <SE> 
    406       2  3.574962e+00  3.574962e+00  3.161e-06  3.983000e-01  4.280619e-01  1.000000e+00  0.000e+00  1.096e-02 -9.587e-01  2.444077e-01  6.891164e-01  6.821902e-01 -9.586683e-01  7.670892e-01  <LogSample>  <DielIoni>  <SE> 
    407       2  1.417735e+01  1.417735e+01  1.606e-06  7.924697e-02  1.187168e+00  1.000000e+00  0.000e+00  1.060e-02 -5.951e-01 -5.617579e-02  5.525417e-01  8.315900e-01 -5.951483e-01  1.189810e+00  <LogSample>  <DielIoni>  <SE> 
    408       2  3.273813e+00  3.273813e+00  9.209e-06 -4.736043e+00  3.745067e+00  1.000000e+00  0.000e+00  1.051e-02 -5.033e-01 -7.692944e-01  6.235540e-01  1.391635e-01 -8.190852e-01  6.037849e+00  <LogSample>  <DielIoni>  <SE> 
    412       1  1.003948e+03  1.003948e+03  1.881e-06 -1.214715e+00  1.170374e+01  1.000000e+00  0.000e+00  0.000e+00  1.000e+01  3.389680e-01 -2.114413e-01  9.167297e-01 -9.265793e+00  1.208891e+01  <samplecontainer>  <PE>  <BSE> 
    414      28  1.139662e+01  1.139662e+01  3.748e-06 -5.356606e+00  1.106960e+01  1.000000e+00 -6.609e+00  1.108e+01 -6.203e-01  5.379913e-01 -1.258698e-01  8.334999e-01 -6.203264e-01  1.290198e+01  <LogSample>  <DielIoni>  <SE> 
    414      27  8.767809e+00  8.767809e+00  3.750e-06 -6.904483e+00  1.217235e+01  1.000000e+00 -6.558e+00  1.123e+01 -1.496e-01 -2.732870e-01  6.163169e-01  7.385578e-01 -4.939864e-01  1.399421e+01  <LogSample>  <DielIoni>  <SE> 
    414      24  9.409313e+00  9.409313e+00  3.980e-06 -6.763405e+00  1.004774e+01  1.000000e+00 -6.903e+00  1.076e+01 -2.674e-01  5.978727e-02  4.311310e-01  9.003064e-01 -7.365326e-01  1.278447e+01  <LogSample>  <DielIoni>  <SE> 
    414      16  9.435101e+00  9.435101e+00  2.739e-06 -6.677155e+00  8.566620e+00  1.000000e+00 -6.908e+00  8.827e+00 -7.391e-01 -6.550445e-03 -1.632488e-01  9.865632e-01 -7.391424e-01  1.120929e+01  <LogSample>  <DielIoni>  <SE> 
    414      32  4.965319e+00  4.965319e+00  3.687e-06 -6.178465e+00  8.000722e+00  1.000000e+00 -6.626e+00  8.817e+00 -4.826e-01  2.734398e-01 -7.482553e-01  6.044375e-01 -4.825946e-01  1.143344e+01  <LogSample>  <DielIoni>  <SE> 
    414      13  9.574672e+00  9.574672e+00  8.160e-06 -6.292997e+00  7.038977e+00  1.000000e+00 -5.754e+00  6.412e+00 -2.046e+00 -7.310300e-01 -2.678846e-02  6.818193e-01 -2.045771e+00  9.441875e+00  <LogSample>  <DielIoni>  <SE> 
    419       2  2.109530e+01  2.109530e+01  4.506e-06 -9.156931e+00  3.508843e+00  1.000000e+00  0.000e+00  1.025e-02 -2.371e-01 -9.374106e-01  3.334981e-01  1.002016e-01 -2.370652e-01  9.806190e+00  <LogSample>  <DielIoni>  <SE> 
    420       3  6.732635e+00  6.732635e+00  2.974e-06 -1.164958e+00 -7.743507e-01  1.000000e+00  2.487e-02  2.155e-02 -1.155e+00 -3.684010e-01  1.142168e-01  9.226241e-01 -1.291260e+00  1.398838e+00  <LogSample>  <DielIoni>  <SE> 
    421      69  1.255356e+01  1.255356e+01  4.740e-06 -1.088699e+00 -1.108504e+00  1.000000e+00 -4.964e-01  1.287e-01 -6.106e-01  1.062726e-02 -3.624045e-01  9.319603e-01 -1.337914e+00  1.601315e+00  <LogSample>  <DielIoni>  <SE> 
    421      67  1.227933e+01  1.227933e+01  2.365e-06  1.579626e+00  1.471513e+00  1.000000e+00 -2.693e-01  9.280e-02 -5.442e-01  5.012698e-01  7.218162e-01  4.771896e-01 -6.488826e-01  2.158835e+00  <LogSample>  <DielIoni>  <SE> 
    426       2  1.630677e+00  1.630677e+00  1.493e-05  9.856252e-01 -4.922723e+00  1.000000e+00  5.162e-02 -3.806e-01 -9.736e-01 -4.253668e-01 -1.939303e-01  8.839989e-01 -1.528359e+00  5.020425e+00  <LogSample>  <DielIoni>  <SE> 
    427       3  6.700797e-01  6.700797e-01  5.604e-06  1.849391e+00  4.404366e-01  1.000000e+00  3.016e-01 -4.955e-01 -1.779e+00  1.179348e-01 -7.308948e-01  6.722233e-01 -2.029762e+00  2.282049e+00  <LogSample>  <DielIoni>  <SE> 
    431       1  8.276290e+02  8.276290e+02  1.898e-06 -4.341722e+00 -7.516224e+00  1.000000e+00  0.000e+00  0.000e+00  1.000e+01 -2.948786e-01 -5.708876e-01  7.662467e-01 -8.794768e+00  8.680102e+00  <samplecontainer>  <PE>  <BSE> 
    432       1  9.781796e+02  9.781796e+02  1.596e-06  6.178813e+00  4.599743e+00  1.000000e+00  0.000e+00  0.000e+00  1.000e+01  5.132427e-01  5.296271e-01  6.753347e-01 -7.286052e+00  7.702945e+00  <samplecontainer>  <PE>  <BSE> 
    435       8  2.311437e+00  2.311437e+00  3.124e-05  5.797527e+00  1.739608e+00  1.000000e+00  2.680e+00  9.142e-01 -6.101e+00  8.587644e-01  4.536394e-01  2.381910e-01 -6.100585e+00  6.052896e+00  <LogSample>  <DielIoni>  <SE> 
    435      66  2.369505e+00  2.369505e+00  2.310e-05  2.443198e+00  6.791427e+00  1.000000e+00  2.827e+00  5.269e+00 -5.113e+00  6.632866e-01  3.013435e-01  6.850131e-01 -5.206215e+00  7.217527e+00  <LogSample>  <DielIoni>  <SE> 
    435       2  9.772397e+00  9.772397e+00  1.608e-06 -1.097817e+00 -7.821629e-01  1.000000e+00  0.000e+00  1.015e-02 -1.427e-01 -7.246946e-01  6.393514e-02  6.860977e-01 -1.427420e-01  1.347954e+00  <LogSample>  <DielIoni>  <SE> 
    436       3  6.447407e+00  6.447407e+00  1.038e-05 -2.040499e+00  1.737052e+00  1.000000e+00  3.257e-01  8.993e-01 -2.403e+00 -8.074787e-01  1.713638e-02  5.896478e-01 -2.403310e+00  3.231225e+00  <LogSample>  <DielIoni>  <SE> 
    436       2  8.572200e+00  8.572200e+00  5.497e-06 -1.373610e-01 -4.752036e-01  1.000000e+00 -8.812e-04  2.577e-01 -1.436e+00 -2.164121e-03 -7.078239e-01  7.063856e-01 -1.701808e+00  1.776086e+00  <LogSample>  <DielIoni>  <SE> 
    437      66  2.358374e+00  2.358374e+00  3.824e-05  1.977141e+00  2.023142e+00  1.000000e+00 -1.221e-01  5.858e-01 -2.364e+00  1.912395e-01 -5.328254e-01  8.243328e-01 -2.884211e+00  4.876919e+00  <LogSample>  <DielIoni>  <SE> 
    439       1  8.577101e+02  8.577101e+02  1.234e-06  3.880116e+00 -1.012528e+01  1.000000e+00  0.000e+00  0.000e+00  1.000e+01  2.025438e-01  2.449634e-01  9.481397e-01 -1.499706e+00  1.112911e+01  <samplecontainer>  <PE>  <BSE> 
    439      11  7.834891e-01  7.834891e-01  5.147e-06  8.698990e-01 -9.575615e+00  1.000000e+00  2.833e+00 -8.563e+00 -8.518e-01 -6.284844e-01 -2.228786e-01  7.452063e-01 -8.518244e-01  9.615046e+00  <LogSample>  <DielIoni>  <SE> 
    439      19  4.302931e+00  4.302931e+00  7.256e-06  2.609635e+00 -1.079369e+01  1.000000e+00  2.546e+00 -8.261e+00 -7.162e-01 -6.900272e-02  3.976188e-01  9.149524e-01 -1.206945e+00  1.200918e+01  <LogSample>  <DielIoni>  <SE> 
    439       3  3.619247e+00  3.619247e+00  1.772e-05 -1.301985e+00  1.025979e+00  1.000000e+00  1.891e-01 -1.994e+00 -7.634e-01  6.968406e-01  2.464164e-01  6.735667e-01 -2.812771e+00  2.671781e+00  <LogSample>  <DielIoni>  <SE> 
    441       1  6.704669e+02  6.704669e+02  2.343e-06 -9.167249e-01 -1.270022e+01  1.000000e+00  0.000e+00  0.000e+00  1.000e+01 -3.136729e-01  4.866681e-01  8.153303e-01 -9.691358e+00  1.564700e+01  <samplecontainer>  <PE>  <BSE> 
    441      16  4.606142e+00  4.606142e+00  3.943e-05 -1.156428e-01 -1.702053e+01  1.000000e+00 -1.844e-01 -1.364e+01 -7.416e-01  3.650994e-01 -2.084808e-01  9.073247e-01 -4.522276e+00  1.702092e+01  <LogSample>  <DielIoni>  <SE> 
    441       2  8.016672e+00  8.016672e+00  7.786e-06 -9.457933e-01  3.923142e-01  1.000000e+00  0.000e+00  1.046e-02 -4.532e-01 -6.873055e-01  3.975420e-01  6.079239e-01 -1.298645e+00  1.787996e+00  <LogSample>  <DielIoni>  <SE> 
    441      30  1.178141e+01  1.178141e+01  3.489e-06  1.401397e+00 -1.631642e+00  1.000000e+00 -7.425e-03 -4.564e-03 -4.790e-01  2.297613e-01 -4.079986e-02  9.723915e-01 -1.285534e+00  2.150853e+00  <LogSample>  <DielIoni>  <SE> 
    443       1  8.973184e+02  8.973184e+02  1.802e-06 -1.237630e+01 -1.085485e+01  1.000000e+00  0.000e+00  0.000e+00  1.000e+01  3.248727e-01  4.696598e-01  8.209004e-01 -4.737059e+00  1.776270e+01  <samplecontainer>  <PE>  <BSE> 
    444       2  1.395652e+01  1.395652e+01  1.632e-06  3.884891e-01 -2.482839e-01  1.000000e+00  0.000e+00  1.034e-02 -3.339e-01 -9.622456e-02 -1.094864e-01  9.893197e-01 -3.664450e-01  5.202586e-01  <LogSample>  <DielIoni>  <SE> 
    447       6  8.404811e+00  8.404811e+00  6.955e-06  4.725843e+00 -3.528685e-01  1.000000e+00  9.250e-01  3.814e-01 -4.394e+00  8.766020e-01 -3.104114e-01  3.677141e-01 -4.393730e+00  4.738999e+00  <LogSample>  <DielIoni>  <SE> 
    450       3  7.171763e+01  7.171763e+01  9.993e-07 -2.416661e-02 -1.826073e-01  1.000000e+00 -3.193e-04  1.179e-02 -4.645e-01  3.843016e-01 -1.537366e-01  9.103172e-01 -5.377128e-01  5.129120e-01  <LogSample>  <DielIoni>  <BSE> 
    450      64  1.226967e+01  1.226967e+01  1.653e-06 -1.246800e+00  1.283224e+00  1.000000e+00 -4.920e-01 -5.910e-03 -2.142e-01 -4.286297e-01  6.933070e-01  5.793116e-01 -2.142363e-01  1.789182e+00  <LogSample>  <DielIoni>  <SE> 
    453       1  1.230096e+03  1.230096e+03  5.746e-07  8.013262e-01 -1.437067e-01  1.000000e+00  0.000e+00  0.000e+00  1.000e+01  4.976403e-01 -9.306618e-02  8.623763e-01 -3.988782e-01  8.141101e-01  <samplecontainer>  <PE>  <BSE> 
    454       1  7.696809e+02  7.696809e+02  2.441e-06 -8.357500e+00 -2.357451e+01  1.000000e+00  0.000e+00  0.000e+00  1.000e+01 -4.929859e-01 -6.067800e-01  6.235246e-01 -1.020604e+01  2.501211e+01  <samplecontainer>  <PE>  <BSE> 
    457       1  1.213387e+03  1.213387e+03  8.632e-07 -1.659306e+00 -1.576246e-01  1.000000e+00  0.000e+00  0.000e+00  1.000e+01 -3.290981e-01 -1.684022e-01  9.291583e-01 -3.023054e+00  1.666776e+00  <samplecontainer>  <PE>  <BSE> 
    459      68  4.123397e+00  4.123397e+00  1.270e-05 -4.308544e+00  9.975655e-01  1.000000e+00 -1.427e-01  1.055e+00 -2.718e+00 -8.282572e-01  5.125113e-01  2.265441e-01 -2.948955e+00  4.422520e+00  <LogSample>  <DielIoni>  <SE> 
    464       1  1.234741e+03  1.234741e+03  6.893e-07 -1.883216e+00 -5.107314e-01  1.000000e+00  0.000e+00  0.000e+00  1.000e+01 -6.136760e-01 -1.715664e-01  7.706924e-01 -1.363384e+00  1.951243e+00  <samplecontainer>  <PE>  <BSE> 
    464       2  5.359017e+00  5.359017e+00  3.488e-06 -7.309925e-01 -4.119547e-01  1.000000e+00  0.000e+00  1.119e-02 -1.182e+00  5.962902e-02 -4.214009e-01  9.049119e-01 -1.182125e+00  8.494607e-01  <LogSample>  <DielIoni>  <SE> 
    465      56  1.554636e+00  1.554636e+00  5.228e-05  7.824129e+00  1.246887e+00  1.000000e+00 -6.515e-02  2.536e-01 -3.324e+00 -3.586537e-01 -7.669914e-01  5.320636e-01 -6.923151e+00  8.991158e+00  <LogSample>  <DielIoni>  <SE> 
    466       1  7.426079e+02  7.426079e+02  2.510e-06 -2.057949e+01 -6.211086e+00  1.000000e+00  0.000e+00  0.000e+00  1.000e+01 -4.864997e-01 -8.662386e-01  1.137927e-01 -6.419340e+00  2.149635e+01  <samplecontainer>  <PE>  <BSE> 
    466      17  7.507915e+00  7.507915e+00  6.670e-06 -1.629486e+01  2.261251e+00  1.000000e+00 -1.492e+01  3.184e+00 -8.498e-01 -2.706705e-01 -6.987698e-01  6.621618e-01 -1.392841e+00  1.645101e+01  <LogSample>  <DielIoni>  <SE> 
    468       2  5.128937e+00  5.128937e+00  6.881e-06 -2.718328e+00  1.948011e+00  1.000000e+00  0.000e+00  1.122e-02 -1.213e+00 -5.191270e-01  7.423238e-01  4.236301e-01 -1.212661e+00  3.344257e+00  <LogSample>  <DielIoni>  <SE> 
    470      53  8.968037e-01  8.968037e-01  1.536e-05 -8.819352e+00  4.577732e+00  1.000000e+00 -1.033e+01  6.311e+00 -5.261e+00 -8.563858e-01 -1.063897e-01  5.052570e-01 -5.261032e+00  1.210522e+01  <LogSample>  <DielIoni>  <SE> 
    472       1  6.649293e+02  6.649293e+02  2.449e-06  1.032342e+01 -5.272519e+00  1.000000e+00  0.000e+00  0.000e+00  1.000e+01  1.517433e-01  1.533595e-01  9.764501e-01 -1.310684e+01  1.159191e+01  <samplecontainer>  <PE>  <BSE> 
    472      26  5.795594e+00  5.795594e+00  1.174e-05  8.626462e+00 -8.703019e+00  1.000000e+00  7.420e+00 -8.759e+00 -1.720e+00 -1.995324e-01  1.646588e-01  9.659577e-01 -1.719853e+00  1.276025e+01  <LogSample>  <DielIoni>  <SE> 
    472      32  5.900597e+00  5.900597e+00  3.486e-06 -3.337190e+00  1.013410e-01  1.000000e+00 -2.564e-01 -4.204e-01 -4.889e-01 -9.188819e-01  2.307077e-01  3.200468e-01 -4.888643e-01  3.338729e+00  <LogSample>  <DielIoni>  <SE> 
    473       1  8.231182e+02  8.231182e+02  2.726e-06  1.583280e+00 -2.568301e+01  1.000000e+00  0.000e+00  0.000e+00  1.000e+01 -3.371769e-01 -8.130045e-01  4.746950e-01 -9.636665e+00  2.573177e+01  <samplecontainer>  <PE>  <BSE> 
    476       2  2.954893e+00  2.954893e+00  1.558e-06 -3.663108e-02 -3.989686e-01  1.000000e+00  0.000e+00  1.006e-02 -4.803e-02 -3.332343e-02 -3.720929e-01  9.275971e-01 -4.803392e-02  4.006467e-01  <LogSample>  <DielIoni>  <SE> 
    477       1  6.591187e+02  6.591187e+02  2.823e-06 -1.267330e+01  1.199117e+01  1.000000e+00  0.000e+00  0.000e+00  1.000e+01  2.305805e-01  2.593084e-01  9.378655e-01 -1.467321e+01  1.744709e+01  <samplecontainer>  <PE>  <BSE> 
    479      43  1.100689e+01  1.100689e+01  2.629e-06 -1.435797e+00  5.571118e-01  1.000000e+00  6.345e-02 -2.253e-01 -1.453e+00 -7.120932e-01 -4.505071e-02  7.006381e-01 -1.453164e+00  1.540093e+00  <LogSample>  <DielIoni>  <SE> 
    479      42  7.608624e+00  7.608624e+00  3.551e-06 -1.109730e+00 -1.024241e+00  1.000000e+00  3.963e-01 -2.628e-02 -1.170e+00 -7.280708e-01 -1.375505e-01  6.715599e-01 -1.169854e+00  1.510155e+00  <LogSample>  <DielIoni>  <SE> 
    482       1  1.096515e+03  1.096515e+03  1.686e-06 -2.879958e+00  2.484942e+00  1.000000e+00  0.000e+00  0.000e+00  1.000e+01 -7.627078e-01  8.755250e-02  6.407896e-01 -5.177207e+00  6.305988e+00  <samplecontainer>  <PE>  <BSE> 
    483       1  1.057945e+03  1.057945e+03  2.088e-06  9.996159e+00  8.200924e+00  1.000000e+00  0.000e+00  0.000e+00  1.000e+01  9.017958e-02  1.575344e-01  9.833873e-01 -1.173364e+01  1.292975e+01  <samplecontainer>  <PE>  <BSE> 
    485       1  1.220483e+03  1.220483e+03  8.313e-07 -2.343394e+00  3.221146e-01  1.000000e+00  0.000e+00  0.000e+00  1.000e+01 -5.206033e-01  8.054117e-02  8.499914e-01 -2.537677e+00  2.365429e+00  <samplecontainer>  <PE>  <BSE> 
    489      72  2.040998e+00  2.040998e+00  6.862e-05 -1.507655e+01  7.103787e+00  1.000000e+00 -1.109e+01  1.143e+01 -8.194e+00 -2.864128e-01  6.392495e-01  7.136721e-01 -8.806128e+00  2.167660e+01  <LogSample>  <DielIoni>  <SE> 
    490       1  7.378370e+02  7.378370e+02  1.313e-06 -1.295724e+01 -5.587724e-01  1.000000e+00  0.000e+00  0.000e+00  1.000e+01 -7.537745e-01 -2.562210e-01  6.051237e-01 -2.391895e+00  1.296928e+01  <samplecontainer>  <PE>  <BSE> 
    490      12  8.023857e+00  8.023857e+00  3.573e-06 -9.988275e+00  2.074243e+00  1.000000e+00 -1.154e+01 -3.832e-01 -6.859e-01  6.205104e-01  6.858054e-01  3.803127e-01 -7.104398e-01  1.195666e+01  <LogSample>  <DielIoni>  <SE> 
    490      11  6.542017e+00  6.542017e+00  6.147e-06 -1.139959e+01 -1.355476e+00  1.000000e+00 -1.127e+01  6.839e-02 -6.332e-01 -1.710775e-01 -5.865077e-01  7.916699e-01 -1.067427e+00  1.271781e+01  <LogSample>  <DielIoni>  <SE> 
    490       9  8.303892e+01  8.303892e+01  1.525e-06 -1.188521e+01  7.816195e-01  1.000000e+00 -1.126e+01  8.531e-02 -6.206e-01 -3.346014e-01  3.700080e-01  8.666810e-01 -6.235775e-01  1.191088e+01  <LogSample>  <DielIoni>  <BSE> 
    490      18  1.640592e+00  1.640592e+00  1.225e-05 -1.171268e+01  1.754258e+00  1.000000e+00 -1.099e+01 -7.630e-02 -8.673e-01  6.598350e-02  7.185135e-01  6.923760e-01 -1.658613e+00  1.184332e+01  <LogSample>  <DielIoni>  <SE> 
    490      22  3.811452e+00  3.811452e+00  1.379e-05 -6.999047e+00  2.209575e+00  1.000000e+00 -5.467e+00  1.728e+00 -2.528e+00 -3.214824e-01 -8.549153e-02  9.430484e-01 -2.528184e+00  7.745302e+00  <LogSample>  <DielIoni>  <SE> 
    492       1  1.131685e+03  1.131685e+03  9.295e-07  4.206393e+00 -1.216024e+00  1.000000e+00  0.000e+00  0.000e+00  1.000e+01  6.675325e-01 -2.587824e-01  6.981634e-01 -2.856133e+00  4.378637e+00  <samplecontainer>  <PE>  <BSE> 
    492       5  1.354942e+01  1.354942e+01  1.442e-06  2.827208e+00 -1.708943e-01  1.000000e+00  3.235e+00 -8.394e-01 -1.634e-02 -3.188920e-01  5.229807e-01  7.904423e-01 -1.633917e-02  3.341947e+00  <LogSample>  <DielIoni>  <SE> 
    494      34  2.633936e+00  2.633936e+00  3.260e-05 -2.356480e+00  1.523106e+01  1.000000e+00 -5.266e+00  9.181e+00 -9.054e+00  2.433168e-01  8.978261e-01  3.670222e-01 -9.054275e+00  1.541227e+01  <LogSample>  <DielIoni>  <SE> 
    494       2  2.020778e+00  2.020778e+00  1.401e-05  1.698217e+00 -1.422041e-02  1.000000e+00  0.000e+00  1.086e-02 -8.495e-01  8.629439e-01 -1.103864e-01  4.930949e-01 -2.977501e+00  1.745430e+00  <LogSample>  <DielIoni>  <SE> 
    495       1  1.167672e+03  1.167672e+03  1.074e-06 -8.277612e-01  1.147221e+01  1.000000e+00  0.000e+00  0.000e+00  1.000e+01 -6.234191e-02  9.897795e-01  1.282573e-01 -5.610696e-01  1.150203e+01  <samplecontainer>  <PE>  <BSE> 
    496       3  2.073649e+02  2.073649e+02  1.084e-06  2.676470e+00 -2.076730e+00  1.000000e+00  0.000e+00  1.030e-02 -2.894e-01  6.417814e-01 -6.875155e-01  3.397633e-01 -6.024382e-01  3.387669e+00  <LogSample>  <DielIoni>  <BSE> 
    496      53  5.638708e-01  5.638708e-01  1.088e-05  9.021082e-01 -1.168497e+00  1.000000e+00 -1.679e-02  6.113e-01 -5.272e-01 -6.479462e-02 -7.222646e-01  6.885750e-01 -1.487445e+00  1.476206e+00  <LogSample>  <DielIoni>  <SE> 
    496      52  8.510480e+00  8.510480e+00  2.233e-06  1.255177e+00 -2.250514e-01  1.000000e+00  1.215e-02  4.104e-01 -4.388e-01  4.314160e-01 -4.643262e-01  7.734865e-01 -5.815126e-01  1.275193e+00  <LogSample>  <DielIoni>  <SE> 
    496       2  1.745993e+01  1.745993e+01  1.690e-06 -4.491169e-01 -1.937344e+00  1.000000e+00  0.000e+00  1.030e-02 -2.894e-01 -5.991891e-01 -5.151711e-01  6.128386e-01 -2.960740e-01  1.988720e+00  <LogSample>  <DielIoni>  <SE> 
    496      56  6.718065e+00  6.718065e+00  4.442e-06  3.863991e+00 -4.388491e+00  1.000000e+00  5.175e-01 -2.883e-01 -2.740e-01  7.151360e-01 -6.687702e-01  2.032902e-01 -3.593841e-01  5.847160e+00  <LogSample>  <DielIoni>  <SE> 
    498      66  1.750854e+00  1.750854e+00  9.270e-06  9.703840e-01  7.283431e-01  1.000000e+00  1.969e-01 -1.490e-01 -1.726e+00 -1.031727e-01  4.156984e-01  9.036317e-01 -1.726251e+00  1.655165e+00  <LogSample>  <DielIoni>  <SE> 
