EventID TrackID        Etotal          Ekin   Hit time             x             y             z    xOrigin    yOrigin    zOrigin   direction-x   direction-y   direction-z     Max Depth    Max Radius  Logical Volume         Process        Category 
    (-)     (-)          (eV)          (eV)       (ns)          (nm)          (nm)          (nm)       (nm)       (nm)       (nm)           (-)           (-)           (-)          (nm)          (nm) 
      2       9  1.999069e+00  1.999069e+00  1.190e-05  3.185342e-01  2.507063e+00  1.000000e+00  2.933e+00  6.625e-01 -3.572e+00 -7.498486e-01  5.259202e-01  4.014163e-01 -3.572425e+00  3.480694e+00  <LogSample>  <DielIoni>  <SE> 
      2      67  1.275561e+00  1.275561e+00  1.247e-05  1.799856e+00  2.034981e+00  1.000000e+00 -6.821e-01  1.136e+00 -1.124e+00  6.998904e-01  1.432494e-02  7.141066e-01 -1.242736e+00  3.009261e+00  <LogSample>  <DielIoni>  <SE> 
      2      64  4.091296e+00  4.091296e+00  3.452e-06 -5.891401e-02 -6.393129e-01  1.000000e+00  5.843e-01  3.636e-01 -9.645e-01 -5.130021e-01 -5.776845e-01  6.349090e-01 -9.645275e-01  8.374544e-01  <LogSample>  <DielIoni>  <SE> 
      2      62  6.466393e+00  6.466393e+00  1.210e-05 -1.432125e+00  4.736504e+00  1.000000e+00  1.140e-01  1.971e-01 -1.250e+00 -2.374730e-01  8.798735e-01  4.116177e-01 -1.889717e+00  4.948277e+00  <LogSample>  <DielIoni>  <SE> 
      3       1  1.068092e+03  1.068092e+03  2.105e-06 -6.645325e+00 -3.001504e+00  1.000000e+00  0.000e+00  0.000e+00  1.000e+01 -4.742997e-01 -6.332925e-01  6.115394e-01 -1.245769e+01  7.291733e+00  <samplecontainer>  <PE>  <BSE> 
      5       3  2.767581e+00  2.767581e+00  1.156e-05 -3.837166e-01  2.631965e+00  1.000000e+00 -1.224e-01 -1.140e-01 -2.694e+00 -5.916975e-02 -6.063479e-01  7.929950e-01 -2.694473e+00  3.535752e+00  <LogSample>  <DielIoni>  <SE> 
     14       1  1.127080e+03  1.127080e+03  1.520e-06  5.447932e+00  4.111243e+00  1.000000e+00  0.000e+00  0.000e+00  1.000e+01  1.724271e-01  5.693973e-01  8.037759e-01 -7.429507e+00  6.825121e+00  <samplecontainer>  <PE>  <BSE> 
     15       1  1.103828e+03  1.103828e+03  1.321e-06 -6.069222e+00  2.553273e+00  1.000000e+00  0.000e+00  0.000e+00  1.000e+01 -4.246355e-01 -3.199822e-01  8.469333e-01 -6.015884e+00  6.584426e+00  <samplecontainer>  <PE>  <BSE> 
     17       2  5.063053e+00  5.063053e+00  5.779e-06 -9.387523e-01 -8.989578e-01  1.000000e+00  0.000e+00  1.013e-02 -1.189e-01 -8.527229e-01 -9.184718e-02  5.142254e-01 -1.291306e+00  1.666980e+00  <LogSample>  <DielIoni>  <SE> 
     18      52  2.868510e+00  2.868510e+00  2.874e-05  4.388139e+00 -1.358819e-01  1.000000e+00  3.124e+00  1.616e+00 -2.603e+00  1.043495e-01 -4.590440e-01  8.822640e-01 -3.730421e+00  5.528149e+00  <LogSample>  <DielIoni>  <SE> 
     18      58  7.505864e+00  7.505864e+00  4.898e-06  4.469377e+00 -5.637836e-01  1.000000e+00  2.729e+00 -8.870e-02 -2.268e+00  7.625799e-01  2.589043e-01  5.928241e-01 -2.267792e+00  4.504795e+00  <LogSample>  <DielIoni>  <SE> 
     20      66  4.646835e+00  4.646835e+00  1.032e-05  2.708263e+00  6.816990e-01  1.000000e+00  9.105e-01 -6.601e-01 -2.406e+00  1.046362e-01 -1.600477e-01  9.815478e-01 -2.406368e+00  2.792741e+00  <LogSample>  <DielIoni>  <SE> 
     21       1  1.177324e+03  1.177324e+03  8.634e-07  3.813551e+00 -2.836936e+00  1.000000e+00  0.000e+00  0.000e+00  1.000e+01  7.138578e-01 -4.356190e-01  5.483093e-01 -2.163238e+00  4.753038e+00  <samplecontainer>  <PE>  <BSE> 
     23       1  5.439830e+02  5.439830e+02  8.164e-07 -1.401937e+00  1.662775e+00  1.000000e+00  0.000e+00  0.000e+00  1.000e+01  3.353249e-02  3.335250e-01  9.421447e-01 -1.771689e+00  2.174913e+00  <samplecontainer>  <PE>  <BSE> 
     23      10  1.317157e+01  1.317157e+01  2.093e-06 -1.278823e-01  2.147044e+00  1.000000e+00 -1.130e+00  4.635e-01 -5.347e-01  4.648424e-01  6.142294e-01  6.376863e-01 -5.346822e-01  2.150849e+00  <LogSample>  <DielIoni>  <SE> 
     23       7  6.996381e+00  6.996381e+00  2.184e-06 -9.653838e-01  1.447764e+00  1.000000e+00 -1.355e+00  4.984e-01 -6.145e-01  2.672221e-01  6.936752e-01  6.688849e-01 -6.144558e-01  1.740111e+00  <LogSample>  <DielIoni>  <SE> 
     23      21  6.846047e+00  6.846047e+00  1.286e-05  2.721823e+00 -4.270381e-01  1.000000e+00  2.056e+00  1.375e+00 -1.614e+00 -3.301015e-02 -2.603126e-01  9.649599e-01 -2.516327e+00  2.973464e+00  <LogSample>  <DielIoni>  <SE> 
     23      22  2.359512e+00  2.359512e+00  7.898e-06  1.172887e+00  4.026245e+00  1.000000e+00  2.378e+00  1.761e+00 -1.568e+00 -1.306837e-01  5.924871e-02  9.896521e-01 -1.568005e+00  4.433422e+00  <LogSample>  <DielIoni>  <SE> 
     23       3  6.659087e+00  6.659087e+00  2.810e-06 -5.963534e-01 -8.791702e-01  1.000000e+00  0.000e+00  1.009e-02 -7.536e-02 -3.446157e-01 -5.674566e-01  7.478188e-01 -6.372393e-01  1.062345e+00  <LogSample>  <DielIoni>  <SE> 
     23      35  6.834819e+00  6.834819e+00  3.682e-06  4.898235e+00 -9.318479e-01  1.000000e+00  2.172e-01  1.976e-01 -1.032e-01  9.568365e-01 -1.481582e-01  2.500261e-01 -5.898922e-01  4.986086e+00  <LogSample>  <DielIoni>  <SE> 
     25      71  5.821778e+00  5.821778e+00  1.619e-05 -2.159947e+00  1.085610e+00  1.000000e+00 -3.767e-01 -6.287e-01 -4.515e+00 -5.625817e-02  3.788639e-01  9.237409e-01 -4.515472e+00  2.518669e+00  <LogSample>  <DielIoni>  <SE> 
     32       5  3.143286e+00  3.143286e+00  4.111e-05 -3.983959e+00  9.163312e+00  1.000000e+00 -6.563e-01  5.022e+00 -9.624e+00 -3.741657e-01 -5.236941e-01  7.653395e-01 -9.624249e+00  1.065723e+01  <LogSample>  <DielIoni>  <SE> 
     36       1  8.462676e+02  8.462676e+02  1.726e-06  1.937737e+01 -2.498082e-01  1.000000e+00  0.000e+00  0.000e+00  1.000e+01  8.285046e-01 -3.588814e-01  4.298655e-01 -1.899667e+00  1.937898e+01  <samplecontainer>  <PE>  <BSE> 
     36       8  6.213230e+00  6.213230e+00  2.283e-06  9.061701e+00  2.669524e+00  1.000000e+00  7.409e+00  2.305e+00 -8.784e-02  8.341435e-01  1.839041e-01  5.199844e-01 -8.784405e-02  9.446734e+00  <LogSample>  <DielIoni>  <SE> 
     36      15  6.279447e+00  6.279447e+00  7.611e-06  7.318011e-02  2.162407e+00  1.000000e+00  9.854e-01  4.074e-01 -7.933e-01 -2.819940e-01  7.017556e-01  6.542312e-01 -1.375708e+00  2.163645e+00  <LogSample>  <DielIoni>  <SE> 
     37      68  2.505957e+00  2.505957e+00  1.034e-05 -6.636597e-01  1.276331e+00  1.000000e+00 -7.225e-01 -2.872e-01 -1.835e+00 -1.038717e-02  9.005541e-01  4.346198e-01 -2.246641e+00  1.438564e+00  <LogSample>  <DielIoni>  <SE> 
     37      65  5.304123e+00  5.304123e+00  2.527e-05 -9.046097e+00  5.727622e+00  1.000000e+00 -4.327e-01 -3.492e-01 -1.908e+00 -8.867140e-01  4.146388e-01  2.044822e-01 -3.634401e+00  1.070689e+01  <LogSample>  <DielIoni>  <SE> 
     38      63  1.915643e+00  1.915643e+00  4.911e-06 -1.304301e-01  9.713482e-01  1.000000e+00  2.690e-01 -3.207e-01 -2.705e+00 -1.047314e-01 -2.864128e-01  9.523650e-01 -2.704563e+00  1.346643e+00  <LogSample>  <DielIoni>  <SE> 
     39       1  1.171675e+03  1.171675e+03  7.848e-07  2.732639e+00  1.385729e+00  1.000000e+00  0.000e+00  0.000e+00  1.000e+01  6.598631e-01  3.330040e-01  6.735645e-01 -1.948523e+00  3.063913e+00  <samplecontainer>  <PE>  <BSE> 
     41      61  4.462220e+00  4.462220e+00  1.104e-05 -1.055969e+00  2.402398e+00  1.000000e+00 -6.778e-01  1.720e+00 -2.193e+00 -7.412894e-01  2.929036e-02  6.705462e-01 -2.687290e+00  3.034640e+00  <LogSample>  <DielIoni>  <SE> 
     43       1  6.699063e+02  6.699063e+02  1.014e-06  2.693460e+00  4.754761e+00  1.000000e+00  0.000e+00  0.000e+00  1.000e+01  1.878164e-01  7.978069e-01  5.729128e-01 -2.294718e+00  5.464657e+00  <samplecontainer>  <PE>  <BSE> 
     43       4  2.220081e+02  2.220081e+02  1.495e-06 -4.841910e+00  3.957760e+00  1.000000e+00  1.577e-01  8.328e-02 -2.295e+00  3.196043e-02  5.043898e-01  8.628844e-01 -2.294718e+00  6.253635e+00  <LogSample>  <DielIoni>  <BSE> 
     44       1  3.664062e+02  3.664062e+02  2.396e-06  1.919174e+01 -6.867988e+00  1.000000e+00  0.000e+00  0.000e+00  1.000e+01  8.635220e-01  2.007493e-01  4.626331e-01 -5.000012e+00  2.038363e+01  <samplecontainer>  <PE>  <BSE> 
     44      17  2.154220e+00  2.154220e+00  1.608e-05  7.488173e+00 -5.503926e+00  1.000000e+00  1.229e+01 -6.177e+00 -2.023e+00 -6.204946e-01  5.604945e-01  5.484818e-01 -2.058788e+00  1.375059e+01  <LogSample>  <DielIoni>  <SE> 
     45       1  6.122258e+02  6.122258e+02  2.007e-06 -1.904017e+01 -7.397337e+00  1.000000e+00  0.000e+00  0.000e+00  1.000e+01 -5.913797e-01 -2.141076e-01  7.774497e-01 -2.528622e+00  2.042667e+01  <samplecontainer>  <PE>  <BSE> 
     45       8  6.767110e+00  6.767110e+00  1.045e-05 -1.536527e+01  2.782374e+00  1.000000e+00 -1.084e+01  1.989e+00 -2.267e+00 -9.736087e-01  3.403366e-02  2.256718e-01 -2.480623e+00  1.561516e+01  <LogSample>  <DielIoni>  <SE> 
     45      27  6.012878e+00  6.012878e+00  8.463e-06 -6.479669e+00  2.738309e+00  1.000000e+00 -6.697e+00  2.045e+00 -1.539e+00  5.469225e-01  7.712586e-02  8.336231e-01 -1.539143e+00  8.086995e+00  <LogSample>  <DielIoni>  <SE> 
     47       1  1.027179e+03  1.027179e+03  1.107e-06  3.042426e+00  6.326304e+00  1.000000e+00  0.000e+00  0.000e+00  1.000e+01  1.894931e-01  8.825508e-01  4.303445e-01 -3.555666e+00  7.019863e+00  <samplecontainer>  <PE>  <BSE> 
     47      12  4.164843e+00  4.164843e+00  4.614e-06 -3.987842e-01 -3.607815e+00  1.000000e+00 -3.402e-01 -2.418e-01 -1.670e+00  4.329912e-01 -5.637438e-01  7.033574e-01 -1.669908e+00  3.629787e+00  <LogSample>  <DielIoni>  <SE> 
     49       1  1.185919e+03  1.185919e+03  9.447e-07 -6.671543e+00 -4.503820e+00  1.000000e+00  0.000e+00  0.000e+00  1.000e+01 -8.772167e-01 -3.283518e-01  3.502513e-01 -1.409290e+00  8.049464e+00  <samplecontainer>  <PE>  <BSE> 
     51      63  7.730010e+00  7.730010e+00  3.306e-06  1.617131e+00  1.603679e+00  1.000000e+00 -1.032e-01  3.897e-01 -1.148e+00  5.194051e-01  4.328909e-01  7.367658e-01 -1.148157e+00  2.277476e+00  <LogSample>  <DielIoni>  <SE> 
     53       1  5.916178e+02  5.916178e+02  4.096e-06 -1.955330e+01 -2.406058e+01  1.000000e+00  0.000e+00  0.000e+00  1.000e+01  1.615142e-01 -3.792155e-01  9.111030e-01 -1.574867e+01  3.100392e+01  <samplecontainer>  <PE>  <BSE> 
     53       2  6.921990e+00  6.921990e+00  6.388e-06  1.338757e-01  3.235576e-01  1.000000e+00 -7.322e-02  2.108e-01 -1.956e+00 -1.261356e-01 -5.380662e-01  8.334114e-01 -1.956224e+00  1.261864e+00  <LogSample>  <DielIoni>  <SE> 
     54       1  1.027588e+03  1.027588e+03  2.189e-06 -1.742493e+01  8.087682e+00  1.000000e+00  0.000e+00  0.000e+00  1.000e+01 -5.443165e-01  3.552322e-01  7.599537e-01 -6.529690e+00  1.921038e+01  <samplecontainer>  <PE>  <BSE> 
     55       2  3.911580e+00  3.911580e+00  7.951e-06 -5.703245e-01  3.224800e+00  1.000000e+00  2.461e-03  1.284e-02 -2.163e-01 -3.260402e-02  7.239523e-01  6.890791e-01 -1.406315e+00  3.274844e+00  <LogSample>  <DielIoni>  <SE> 
     56       3  3.180712e+00  3.180712e+00  1.589e-05  1.101328e+00  2.656692e+00  1.000000e+00  3.583e-01  4.726e-01 -4.453e+00 -5.741135e-01 -4.183213e-01  7.038473e-01 -5.339547e+00  4.026565e+00  <LogSample>  <DielIoni>  <SE> 
     56       2  2.672017e+00  2.672017e+00  4.002e-06 -8.256578e-01  1.114753e+00  1.000000e+00  0.000e+00  1.058e-02 -5.706e-01 -8.016470e-01  3.462361e-01  4.873219e-01 -9.801066e-01  1.387222e+00  <LogSample>  <DielIoni>  <SE> 
     59      13  2.456547e+00  2.456547e+00  3.029e-05  1.083351e+01  5.639102e+00  1.000000e+00  7.593e+00  6.530e+00 -6.368e+00 -2.371046e-01 -3.799030e-01  8.941225e-01 -6.368259e+00  1.288856e+01  <LogSample>  <DielIoni>  <SE> 
     65       1  1.182357e+03  1.182357e+03  9.368e-07 -3.326267e+00 -1.359397e+00  1.000000e+00  0.000e+00  0.000e+00  1.000e+01 -4.627556e-01 -1.008694e-01  8.807285e-01 -2.595398e+00  3.593329e+00  <samplecontainer>  <PE>  <BSE> 
     66       1  3.389671e+02  3.389671e+02  1.772e-06  6.954566e+00  1.169617e+00  1.000000e+00  0.000e+00  0.000e+00  1.000e+01  4.521667e-01 -1.776865e-01  8.740553e-01 -6.162793e+00  7.052233e+00  <samplecontainer>  <PE>  <BSE> 
     67       1  2.361150e+01  2.361150e+01  6.398e-06  1.194416e+01 -1.597649e+01  1.000000e+00  0.000e+00  0.000e+00  1.000e+01 -7.328027e-01  3.755588e-02  6.794040e-01 -2.311028e+01  2.630790e+01  <samplecontainer>  <PE>  <SE> 
     67      47  6.757668e+00  6.757668e+00  9.097e-06  1.469116e+01 -1.666494e+01  1.000000e+00  1.237e+01 -1.654e+01 -8.192e-01  6.730573e-01 -5.224953e-01  5.234429e-01 -8.191917e-01  2.221599e+01  <LogSample>  <DielIoni>  <SE> 
     67      41  7.571458e+01  7.571458e+01  4.808e-06  1.043404e+01 -2.018917e+01  1.000000e+00  1.124e+01 -2.015e+01 -2.635e-01 -5.480111e-01 -2.695372e-02  8.360367e-01 -2.635319e-01  2.307463e+01  <LogSample>  <DielIoni>  <BSE> 
     69       3  5.834064e+00  5.834064e+00  3.614e-06  8.638242e-03 -1.167772e+00  1.000000e+00  2.823e-02 -3.703e-02 -4.093e-01 -5.340464e-01 -4.651761e-01  7.059785e-01 -7.486055e-01  1.167804e+00  <LogSample>  <DielIoni>  <SE> 
     70       1  3.306108e+02  3.306108e+02  3.117e-06 -1.209366e+01 -3.542765e+00  1.000000e+00  0.000e+00  0.000e+00  1.000e+01  5.091725e-01  4.963739e-01  7.031048e-01 -9.029986e+00  1.615967e+01  <samplecontainer>  <PE>  <BSE> 
     70      18  2.029692e+00  2.029692e+00  1.374e-05 -1.261678e+01  8.718590e-02  1.000000e+00 -1.270e+01 -6.455e+00 -1.144e+00  6.485030e-02  9.366609e-01  3.441813e-01 -2.850083e+00  1.424503e+01  <LogSample>  <DielIoni>  <SE> 
     72       1  7.819754e+02  7.819754e+02  1.092e-06  7.009172e-01 -3.429827e+00  1.000000e+00  0.000e+00  0.000e+00  1.000e+01  9.519203e-02 -3.888227e-01  9.163817e-01 -2.656104e+00  3.500714e+00  <samplecontainer>  <PE>  <BSE> 
     78       2  4.144382e+00  4.144382e+00  3.575e-06 -7.143975e-01 -1.533404e+00  1.000000e+00  0.000e+00  1.101e-02 -9.991e-01  1.601228e-02 -5.328905e-01  8.460327e-01 -9.990818e-01  1.691654e+00  <LogSample>  <DielIoni>  <SE> 
     82       3  5.142791e+01  5.142791e+01  2.258e-06 -1.196498e+00 -4.122722e+00  1.000000e+00  7.242e-02 -8.063e-02 -8.317e-01 -3.745569e-01 -9.065234e-01  1.947368e-01 -8.425326e-01  4.292837e+00  <LogSample>  <DielIoni>  <BSE> 
     84      34  2.059553e+00  2.059553e+00  1.625e-05 -1.122009e+01 -4.392903e+00  1.000000e+00 -8.213e+00 -6.183e+00 -4.938e+00 -1.290794e-01  5.456075e-01  8.280404e-01 -4.937624e+00  1.217785e+01  <LogSample>  <DielIoni>  <SE> 
     85      68  2.962027e+00  2.962027e+00  1.025e-05  9.884114e+00 -3.110016e+00  1.000000e+00  1.044e+01 -4.906e+00 -4.335e+00 -5.775724e-01  6.426136e-01  5.034459e-01 -4.334639e+00  1.315259e+01  <LogSample>  <DielIoni>  <SE> 
     85       2  4.902427e+00  4.902427e+00  1.827e-05  4.554545e+00 -5.799852e+00  1.000000e+00  6.290e+00 -2.529e+00 -3.158e+00  7.842597e-01  4.746596e-02  6.186143e-01 -3.158151e+00  8.152713e+00  <LogSample>  <DielIoni>  <SE> 
     88      61  1.779808e+00  1.779808e+00  2.294e-05 -3.754693e+00  1.772241e+00  1.000000e+00 -1.080e+00  9.019e-02 -6.022e+00 -2.211991e-02  3.637737e-01  9.312247e-01 -6.022497e+00  4.416432e+00  <LogSample>  <DielIoni>  <SE> 
     88       2  2.243622e+01  2.243622e+01  1.533e-06  4.389527e-01 -1.461507e+00  1.000000e+00  0.000e+00  1.067e-02 -6.654e-01 -4.314764e-02 -7.226068e-01  6.899114e-01 -7.379293e-01  1.526002e+00  <LogSample>  <DielIoni>  <SE> 
     88      64  4.704216e+00  4.704216e+00  8.109e-06 -1.122840e+00  1.783075e+00  1.000000e+00  3.156e-01  9.937e-02 -7.379e-01  3.447122e-01  7.096519e-02  9.360221e-01 -1.999649e+00  2.907220e+00  <LogSample>  <DielIoni>  <SE> 
     92       8  1.978002e+00  1.978002e+00  3.335e-05 -4.696315e+00 -1.967428e+00  1.000000e+00 -3.072e+00 -2.361e+00 -8.538e+00 -5.186035e-01  4.232702e-01  7.428948e-01 -8.537703e+00  8.037815e+00  <LogSample>  <DielIoni>  <SE> 
     92       2  1.550454e+02  1.550454e+02  1.165e-06 -1.983163e+00  3.810380e+00  1.000000e+00  0.000e+00  1.043e-02 -4.238e-01 -4.817631e-01  8.309227e-01  2.783376e-01 -7.031106e-01  4.295571e+00  <LogSample>  <DielIoni>  <BSE> 
     94       1  6.915725e+02  6.915725e+02  2.867e-06 -1.320272e+01 -1.283934e+01  1.000000e+00  0.000e+00  0.000e+00  1.000e+01 -3.401110e-01 -8.511674e-01  3.997982e-01 -9.063245e+00  1.841631e+01  <samplecontainer>  <PE>  <BSE> 
     94      34  4.480281e-01  4.480281e-01  6.148e-05  1.076017e+00 -1.767008e+00  1.000000e+00  9.540e-02 -7.643e-01 -2.231e+00 -2.220781e-01 -1.887604e-01  9.565829e-01 -4.431813e+00  3.368878e+00  <LogSample>  <DielIoni>  <SE> 
     98      70  4.591346e-01  4.591346e-01  1.353e-04 -2.707377e+00 -1.143072e+01  1.000000e+00  6.518e-01 -4.660e-01 -3.257e+00 -8.733443e-01 -3.200084e-02  4.860512e-01 -7.005159e+00  1.174697e+01  <LogSample>  <DielIoni>  <SE> 
    100      31  1.211355e+00  1.211355e+00  7.662e-06 -4.573776e-01 -8.893547e-02  1.000000e+00  2.484e+00 -4.131e-01 -1.183e+00 -6.510840e-01  2.004971e-01  7.320454e-01 -1.183403e+00  2.517951e+00  <LogSample>  <DielIoni>  <SE> 
    100       4  5.945846e+02  5.945846e+02  8.144e-07  3.489122e+00 -1.535793e-01  1.000000e+00  4.058e-01  2.614e-02 -1.207e+00  8.302301e-01 -2.645965e-02  5.567925e-01 -1.207145e+00  3.492500e+00  <LogSample>  <DielIoni>  <BSE> 
    102       1  1.249922e+03  1.249922e+03  5.764e-07 -1.321779e+00  3.743048e-01  1.000000e+00  0.000e+00  0.000e+00  1.000e+01 -6.386589e-01  3.699003e-01  6.747507e-01 -1.021209e-01  1.373755e+00  <samplecontainer>  <PE>  <BSE> 
    103       1  1.147445e+03  1.147445e+03  1.103e-06  1.054254e+00  7.267514e+00  1.000000e+00  0.000e+00  0.000e+00  1.000e+01  3.439744e-01 -2.001281e-02  9.387657e-01 -3.125781e+00  7.343583e+00  <samplecontainer>  <PE>  <BSE> 
    103       4  1.117133e+01  1.117133e+01  2.879e-06 -5.225346e-01  5.023487e+00  1.000000e+00  8.487e-01  3.965e+00 -1.319e+00 -2.609973e-01  5.927041e-01  7.619595e-01 -1.318826e+00  5.050591e+00  <LogSample>  <DielIoni>  <SE> 
    107      66  9.438204e-01  9.438204e-01  3.162e-05  1.477327e+00  1.771719e+00  1.000000e+00  1.334e+00  1.976e+00 -5.757e+00  2.057929e-01 -4.249830e-01  8.814980e-01 -5.786830e+00  4.306609e+00  <LogSample>  <DielIoni>  <SE> 
    108       1  5.556997e+02  5.556997e+02  3.200e-06 -5.333359e+00  4.121460e+01  1.000000e+00  0.000e+00  0.000e+00  1.000e+01 -5.433938e-01  4.909977e-01  6.809144e-01 -1.149624e+01  4.155824e+01  <samplecontainer>  <PE>  <BSE> 
    110      68  4.829711e+00  4.829711e+00  2.788e-06  4.460590e-01  1.026715e+00  1.000000e+00  1.572e-01  3.772e-01 -7.378e-02 -2.659642e-01  4.204984e-01  8.674354e-01 -2.350706e-01  1.119425e+00  <LogSample>  <DielIoni>  <SE> 
    114      70  7.296763e+00  7.296763e+00  1.313e-05  9.598109e-01 -2.400549e+00  1.000000e+00  2.656e-01  4.961e-01 -1.277e+00 -3.549940e-02 -4.198008e-01  9.069218e-01 -2.168135e+00  3.271575e+00  <LogSample>  <DielIoni>  <SE> 
    114      68  5.645701e+00  5.645701e+00  5.321e-06  4.733856e+00  2.488910e+00  1.000000e+00  3.060e-01  5.071e-01 -9.183e-01  9.461228e-01  2.299543e-01  2.279750e-01 -1.051547e+00  5.348277e+00  <LogSample>  <DielIoni>  <SE> 
    114      67  2.110198e+00  2.110198e+00  8.425e-06 -6.734429e-01  2.830516e+00  1.000000e+00  6.146e-02  6.030e-01 -3.511e-01  1.970181e-01  1.295317e-02  9.803143e-01 -1.522480e+00  3.267992e+00  <LogSample>  <DielIoni>  <SE> 
    114      66  7.811670e+00  7.811670e+00  4.535e-06  8.809459e-01 -7.185268e-01  1.000000e+00 -9.849e-02  3.200e-01 -9.810e-01  2.446022e-01  3.501228e-01  9.042034e-01 -1.538352e+00  1.274723e+00  <LogSample>  <DielIoni>  <SE> 
    114       2  4.897211e+00  4.897211e+00  2.224e-06 -7.233422e-01 -1.138847e+00  1.000000e+00 -7.780e-02  8.273e-02 -7.637e-01 -3.091324e-01 -5.912362e-01  7.449006e-01 -7.637306e-01  1.349146e+00  <LogSample>  <DielIoni>  <SE> 
    115      59  3.947031e+00  3.947031e+00  2.700e-06 -7.942166e-01 -1.545411e+00  1.000000e+00 -1.919e-01  2.664e-01 -9.803e-01 -3.513849e-01 -7.707511e-01  5.314804e-01 -9.802654e-01  1.737549e+00  <LogSample>  <DielIoni>  <SE> 
    115       4  1.363967e+01  1.363967e+01  2.224e-06 -9.553974e-01 -5.529504e-01  1.000000e+00  5.054e-02 -3.328e-02 -6.055e-01 -3.407284e-02 -1.540522e-02  9.993006e-01 -6.054893e-01  1.220875e+00  <LogSample>  <DielIoni>  <SE> 
    115      61  4.487078e+00  4.487078e+00  1.911e-06 -2.319059e-01 -2.581401e-01  1.000000e+00 -1.695e-02  8.351e-02 -4.079e-01 -2.755824e-01 -1.016789e-01  9.558848e-01 -4.078656e-01  3.470110e-01  <LogSample>  <DielIoni>  <SE> 
    115       2  1.386683e+01  1.386683e+01  1.896e-06 -1.001218e+00 -4.439170e-02  1.000000e+00  5.054e-02 -3.328e-02 -6.055e-01 -4.023751e-01 -3.038580e-01  8.635766e-01 -6.054893e-01  1.002201e+00  <LogSample>  <DielIoni>  <SE> 
    118       4  4.407977e+00  4.407977e+00  7.522e-06 -3.027152e+00 -7.993304e-01  1.000000e+00  1.655e-02 -1.603e-02 -1.520e+00 -3.105996e-01 -8.824965e-02  9.464354e-01 -1.579838e+00  3.165788e+00  <LogSample>  <DielIoni>  <SE> 
    121       1  7.283491e+02  7.283491e+02  1.765e-06 -7.622163e+00 -3.589290e+00  1.000000e+00  0.000e+00  0.000e+00  1.000e+01 -6.573206e-01 -3.170660e-01  6.836657e-01 -7.243236e+00  8.424985e+00  <samplecontainer>  <PE>  <BSE> 
    129       3  4.110024e+00  4.110024e+00  8.396e-06  1.713997e+00  4.320790e-01  1.000000e+00 -2.276e-02  1.206e-01 -5.955e-01 -1.003007e-01 -8.134537e-01  5.729160e-01 -1.229882e+00  2.806983e+00  <LogSample>  <DielIoni>  <SE> 
    130       6  2.564685e+00  2.564685e+00  4.359e-05  8.975166e-01  4.772131e+00  1.000000e+00  2.551e+00  7.255e+00 -9.152e+00 -3.246945e-02  6.597779e-01  7.507588e-01 -9.152233e+00  7.690824e+00  <LogSample>  <DielIoni>  <SE> 
    131       1  1.656632e+02  1.656632e+02  4.571e-06 -2.764668e+01 -8.717993e+00  1.000000e+00  0.000e+00  0.000e+00  1.000e+01 -4.474114e-01  3.702217e-01  8.141001e-01 -1.551456e+01  3.298751e+01  <samplecontainer>  <PE>  <BSE> 
    131      41  1.554983e+01  1.554983e+01  5.345e-06 -2.612854e+01 -9.832695e+00  1.000000e+00 -2.707e+01 -9.412e+00 -6.577e-01  7.723823e-01 -1.778849e-01  6.097397e-01 -6.576924e-01  2.914827e+01  <LogSample>  <DielIoni>  <SE> 
    131      47  1.662050e+00  1.662050e+00  1.941e-05 -3.184351e+01 -7.332325e+00  1.000000e+00 -3.051e+01 -9.286e+00 -2.706e+00  2.604802e-01  3.752892e-01  8.895550e-01 -4.187176e+00  3.450026e+01  <LogSample>  <DielIoni>  <SE> 
    132       3  4.057766e+00  4.057766e+00  1.117e-05 -4.651966e+00 -1.934278e+00  1.000000e+00 -9.186e-02 -1.023e-01 -2.790e+00 -3.051453e-01 -3.425421e-01  8.885670e-01 -3.215902e+00  5.038077e+00  <LogSample>  <DielIoni>  <SE> 
    133       1  4.717304e+02  4.717304e+02  3.013e-06 -3.823628e+00  2.513908e+01  1.000000e+00  0.000e+00  0.000e+00  1.000e+01 -1.176345e-01  9.103964e-01  3.966618e-01 -1.264493e+01  2.542820e+01  <samplecontainer>  <PE>  <BSE> 
    133      18  2.528205e+01  2.528205e+01  3.155e-06 -3.518586e+00  2.280709e+01  1.000000e+00 -3.522e+00  2.281e+01 -1.830e-02  3.411307e-03  1.961372e-03  9.999923e-01 -1.830342e-02  2.307691e+01  <LogSample>  <DielIoni>  <SE> 
    133      17  1.041038e+01  1.041038e+01  3.549e-06 -4.143416e+00  2.186318e+01  1.000000e+00 -3.575e+00  2.217e+01 -4.338e-01 -3.311828e-01 -2.723683e-01  9.034011e-01 -4.338220e-01  2.254799e+01  <LogSample>  <DielIoni>  <SE> 
    135       1  9.390604e+02  9.390604e+02  2.205e-06  6.014486e+00 -1.008717e+01  1.000000e+00  0.000e+00  0.000e+00  1.000e+01 -7.318195e-01 -2.966535e-01  6.135446e-01 -1.244720e+01  1.342817e+01  <samplecontainer>  <PE>  <BSE> 
    135       3  5.774287e+00  5.774287e+00  6.200e-06  1.346032e+00 -2.455507e+00  1.000000e+00  8.395e-01 -4.800e-01 -2.285e+00 -9.433958e-02 -1.402816e-01  9.856070e-01 -2.285457e+00  2.800235e+00  <LogSample>  <DielIoni>  <SE> 
    138       1  1.169358e+03  1.169358e+03  1.165e-06 -3.205447e+00  1.292175e+00  1.000000e+00  0.000e+00  0.000e+00  1.000e+01 -2.656386e-01  2.481872e-01  9.315789e-01 -6.104726e+00  3.456097e+00  <samplecontainer>  <PE>  <BSE> 
    139       1  8.136489e+02  8.136489e+02  2.839e-06 -1.295742e+01 -2.948438e+01  1.000000e+00  0.000e+00  0.000e+00  1.000e+01 -7.451790e-01  5.127587e-01  4.263645e-01 -5.136213e+00  3.367352e+01  <samplecontainer>  <PE>  <BSE> 
    139      21  8.342059e+00  8.342059e+00  2.863e-06  1.258979e+00 -4.302883e+00  1.000000e+00  3.079e-02 -2.847e+00 -8.467e-01  5.266281e-01 -6.534631e-01  5.437360e-01 -8.466704e-01  4.483284e+00  <LogSample>  <DielIoni>  <SE> 
    142       1  1.249905e+03  1.249905e+03  5.723e-07  6.165653e-02  7.076926e-01  1.000000e+00  0.000e+00  0.000e+00  1.000e+01  6.472938e-03  4.616841e-01  8.870208e-01 -4.072084e-01  7.103734e-01  <samplecontainer>  <PE>  <BSE> 
    145       2  9.084166e+00  9.084166e+00  4.381e-06 -1.628391e+00  2.513255e+00  1.000000e+00  0.000e+00  1.031e-02 -3.044e-01  3.101233e-02  8.962174e-01  4.425297e-01 -8.720960e-01  2.994679e+00  <LogSample>  <DielIoni>  <SE> 
    146      40  7.160121e+00  7.160121e+00  1.650e-05 -1.331377e+01  1.581606e+00  1.000000e+00 -1.521e+01  9.877e-01 -4.007e+00  2.142603e-01 -7.419317e-01  6.353188e-01 -4.467470e+00  1.523972e+01  <LogSample>  <DielIoni>  <SE> 
    150      66  1.463393e+00  1.463393e+00  6.774e-05 -8.014052e-01  2.329020e+00  1.000000e+00 -8.194e-01  5.444e-01 -8.502e+00 -2.917285e-01  9.816229e-02  9.514508e-01 -8.501885e+00  5.411475e+00  <LogSample>  <DielIoni>  <SE> 
    151       1  1.198919e+03  1.198919e+03  1.010e-06  5.864627e+00 -4.072025e+00  1.000000e+00  0.000e+00  0.000e+00  1.000e+01  7.000920e-01 -4.314503e-01  5.689656e-01 -2.371658e+00  7.139694e+00  <samplecontainer>  <PE>  <BSE> 
    152       1  9.897355e+02  9.897355e+02  1.547e-06 -1.216322e+01 -6.401379e+00  1.000000e+00  0.000e+00  0.000e+00  1.000e+01 -7.820861e-01 -3.250483e-01  5.316811e-01 -6.201145e+00  1.374488e+01  <samplecontainer>  <PE>  <BSE> 
    153       2  3.036202e+00  3.036202e+00  1.139e-05 -4.508913e-01 -2.320788e+00  1.000000e+00 -4.644e-03  1.185e-02 -7.870e-01  1.921502e-01 -7.014406e-01  6.863377e-01 -1.825579e+00  2.364183e+00  <LogSample>  <DielIoni>  <SE> 
    155      36  5.735087e+00  5.735087e+00  8.211e-06  1.844602e+01  1.715552e+01  1.000000e+00  1.996e+01  1.475e+01 -8.203e-01 -4.876947e-01  6.897414e-01  5.351734e-01 -8.202789e-01  2.557040e+01  <LogSample>  <DielIoni>  <SE> 
    155      35  3.100633e+00  3.100633e+00  7.748e-06  1.918723e+01  1.465695e+01  1.000000e+00  2.002e+01  1.449e+01 -9.388e-01  2.977291e-01  3.683940e-01  8.807061e-01 -1.044422e+00  2.471174e+01  <LogSample>  <DielIoni>  <SE> 
    161       1  5.660484e+02  5.660484e+02  1.557e-06  8.217912e+00 -1.669710e+00  1.000000e+00  0.000e+00  0.000e+00  1.000e+01 -2.720047e-01 -5.413377e-01  7.955922e-01 -4.764416e+00  8.630957e+00  <samplecontainer>  <PE>  <BSE> 
    161       3  7.108864e+00  7.108864e+00  4.777e-06 -1.562971e+00  9.931273e-01  1.000000e+00  4.002e-01  2.404e-01 -1.320e+00 -3.827669e-01 -4.267897e-01  8.193534e-01 -1.320110e+00  1.885030e+00  <LogSample>  <DielIoni>  <SE> 
    163      50  1.037885e+01  1.037885e+01  5.066e-06  1.637436e+01 -2.125023e+00  1.000000e+00  1.696e+01 -2.199e+00 -1.175e+00  3.686598e-01 -2.568293e-01  8.933805e-01 -1.175403e+00  1.710412e+01  <LogSample>  <DielIoni>  <SE> 
    163      57  6.157459e+00  6.157459e+00  1.393e-05  1.638642e+01 -7.160117e+00  1.000000e+00  1.419e+01 -4.666e+00 -1.947e+00  1.951508e-01  8.774078e-03  9.807340e-01 -1.947128e+00  1.788245e+01  <LogSample>  <DielIoni>  <SE> 
    169       1  8.222635e+02  8.222635e+02  1.144e-06  1.943815e+00  8.114565e-01  1.000000e+00  0.000e+00  0.000e+00  1.000e+01  3.585580e-01 -2.089204e-01  9.098288e-01 -3.177722e+00  2.140844e+00  <samplecontainer>  <PE>  <BSE> 
    169       9  1.067241e+01  1.067241e+01  5.340e-06  1.195199e+00  4.562331e-01  1.000000e+00  1.447e+00  1.371e+00 -6.882e-01  8.507345e-01  2.603933e-01  4.565591e-01 -1.080677e+00  1.993665e+00  <LogSample>  <DielIoni>  <SE> 
    169       2  6.896695e+00  6.896695e+00  5.364e-06  3.742234e+00  5.885059e+00  1.000000e+00  0.000e+00  1.072e-02 -7.093e-01  3.401150e-01  8.053669e-01  4.854955e-01 -9.625172e-01  6.974112e+00  <LogSample>  <DielIoni>  <SE> 
    170       1  1.231750e+03  1.231750e+03  1.290e-06  3.497085e+00  9.162221e+00  1.000000e+00  0.000e+00  0.000e+00  1.000e+01  1.080072e-01  6.489413e-01  7.531332e-01 -5.194340e+00  9.806931e+00  <samplecontainer>  <PE>  <BSE> 
    174       1  1.153871e+03  1.153871e+03  7.139e-07 -6.308280e-01 -2.217787e+00  1.000000e+00  0.000e+00  0.000e+00  1.000e+01 -4.715137e-02 -5.273581e-01  8.483338e-01 -1.224069e+00  2.305759e+00  <samplecontainer>  <PE>  <BSE> 
    177       1  5.637874e+02  5.637874e+02  1.890e-06 -3.741690e-01  1.742353e+01  1.000000e+00  0.000e+00  0.000e+00  1.000e+01  2.743818e-01  6.260241e-01  7.299373e-01 -1.794179e+00  1.742755e+01  <samplecontainer>  <PE>  <BSE> 
    177      25  2.082539e+00  2.082539e+00  2.023e-05 -7.892439e-01  7.833619e+00  1.000000e+00 -5.006e-01  2.067e+00 -3.371e-01  2.442447e-01 -2.006986e-01  9.487173e-01 -1.845310e+00  8.128990e+00  <LogSample>  <DielIoni>  <SE> 
    177       4  9.573133e+00  9.573133e+00  2.156e-06 -2.340148e+00  6.958876e-01  1.000000e+00 -6.936e-01  2.128e+00 -5.991e-01 -6.564500e-01 -5.710832e-01  4.928868e-01 -5.990534e-01  2.441424e+00  <LogSample>  <DielIoni>  <SE> 
    178      44  6.698846e+00  6.698846e+00  4.116e-06 -1.398541e+00 -7.350943e+00  1.000000e+00 -8.951e-01 -7.423e+00 -4.539e-01 -5.096218e-01  4.685159e-02  8.591220e-01 -4.538585e-01  7.482799e+00  <LogSample>  <DielIoni>  <SE> 
    179       1  1.054226e+03  1.054226e+03  1.024e-06 -9.105972e-01 -1.795099e+00  1.000000e+00  0.000e+00  0.000e+00  1.000e+01 -4.999977e-01 -2.053433e-01  8.413302e-01 -2.988642e+00  2.555804e+00  <samplecontainer>  <PE>  <BSE> 
    179       7  6.059827e+00  6.059827e+00  5.313e-06  1.043375e+00 -2.205279e+00  1.000000e+00  8.011e-01 -1.083e+00 -1.760e+00 -3.541297e-02 -8.122418e-01  5.822450e-01 -1.760468e+00  2.439649e+00  <LogSample>  <DielIoni>  <SE> 
    181      20  1.744884e+00  1.744884e+00  2.745e-05 -7.103050e+00 -7.645179e-01  1.000000e+00 -1.828e+00  1.642e+00 -3.072e+00 -5.633411e-01 -5.480439e-01  6.182999e-01 -4.310138e+00  7.144075e+00  <LogSample>  <DielIoni>  <SE> 
    181      19  2.547281e+00  2.547281e+00  1.628e-05 -4.907881e+00  5.477440e+00  1.000000e+00 -1.854e+00  1.675e+00 -3.201e+00 -5.658043e-01 -3.341803e-01  7.537831e-01 -3.513697e+00  7.354566e+00  <LogSample>  <DielIoni>  <SE> 
    181      35  2.843470e+00  2.843470e+00  1.872e-05 -1.804084e-01  2.157100e-01  1.000000e+00 -9.084e-01  1.512e+00 -5.420e+00  8.343693e-01  1.811184e-01  5.205996e-01 -5.749558e+00  3.887331e+00  <LogSample>  <DielIoni>  <SE> 
    189       1  7.862503e+02  7.862503e+02  2.416e-06  3.159187e+00 -8.042422e+00  1.000000e+00  0.000e+00  0.000e+00  1.000e+01 -3.140388e-01 -1.566629e-01  9.363954e-01 -1.198839e+01  9.180455e+00  <samplecontainer>  <PE>  <BSE> 
    189      21  3.058306e+00  3.058306e+00  4.810e-06  3.861792e+00 -7.333280e+00  1.000000e+00  4.062e+00 -7.584e+00 -1.398e+00  1.395750e-01  4.854861e-01  8.630307e-01 -1.398249e+00  8.787540e+00  <LogSample>  <DielIoni>  <SE> 
    191       1  1.117019e+03  1.117019e+03  1.428e-06 -1.494228e+01 -2.711393e-01  1.000000e+00  0.000e+00  0.000e+00  1.000e+01 -6.347779e-01 -2.810635e-01  7.197641e-01 -3.001333e+00  1.494474e+01  <samplecontainer>  <PE>  <BSE> 
    193       1  1.128403e+03  1.128403e+03  1.632e-06 -7.083504e+00  1.743786e+01  1.000000e+00  0.000e+00  0.000e+00  1.000e+01 -2.479847e-01  8.450967e-01  4.736192e-01 -3.977181e+00  1.882166e+01  <samplecontainer>  <PE>  <BSE> 
    195       1  1.048294e+03  1.048294e+03  1.663e-06 -4.424804e+00 -5.044384e+00  1.000000e+00  0.000e+00  0.000e+00  1.000e+01  4.668526e-01 -4.786797e-02  8.830387e-01 -7.880264e+00  7.865118e+00  <samplecontainer>  <PE>  <BSE> 
    197      39  3.693637e+00  3.693637e+00  1.638e-05  1.879878e+01  2.421633e+01  1.000000e+00  1.453e+01  2.511e+01 -2.685e+00 -1.465041e-01 -5.256478e-02  9.878125e-01 -4.030611e+00  3.275887e+01  <LogSample>  <DielIoni>  <SE> 
    197      37  1.012818e+01  1.012818e+01  8.221e-06  1.455634e+01  2.383018e+01  1.000000e+00  1.422e+01  2.459e+01 -1.845e+00 -5.482810e-02 -6.902657e-01  7.214757e-01 -1.844528e+00  2.906724e+01  <LogSample>  <DielIoni>  <SE> 
    197      49  1.005725e+01  1.005725e+01  6.486e-06  1.443152e+01  2.364586e+01  1.000000e+00  1.384e+01  2.389e+01 -1.019e+00 -2.047925e-01 -2.166907e-03  9.788030e-01 -1.018623e+00  2.782403e+01  <LogSample>  <DielIoni>  <SE> 
    197      33  3.638408e+00  3.638408e+00  1.461e-05  1.390805e+01  2.490574e+01  1.000000e+00  1.358e+01  2.370e+01 -1.057e+00  4.000346e-01 -1.372281e-01  9.061682e-01 -1.579977e+00  2.903280e+01  <LogSample>  <DielIoni>  <SE> 
    199      70  8.630796e+00  8.630796e+00  8.934e-06  1.295808e+00  3.244225e+00  1.000000e+00  1.944e-01  4.096e-02 -1.592e+00  5.372099e-02  6.298322e-01  7.748712e-01 -2.396383e+00  3.493439e+00  <LogSample>  <DielIoni>  <SE> 
    202      32  1.001086e+01  1.001086e+01  4.388e-06  1.631517e+01  1.805622e+01  1.000000e+00  1.690e+01  1.852e+01 -6.554e-01 -4.216975e-01 -4.715670e-01  7.744648e-01 -6.553711e-01  2.522310e+01  <LogSample>  <DielIoni>  <SE> 
    202      30  3.692667e+00  3.692667e+00  1.000e-05  1.810472e+01  1.849109e+01  1.000000e+00  1.672e+01  1.828e+01 -5.536e-01  6.653955e-01  3.165750e-01  6.760393e-01 -8.642403e-01  2.587859e+01  <LogSample>  <DielIoni>  <SE> 
    202      27  4.641915e+00  4.641915e+00  5.661e-06  1.804408e+01  1.695046e+01  1.000000e+00  1.651e+01  1.787e+01 -7.077e-01  2.993166e-01 -8.031752e-02  9.507674e-01 -8.286259e-01  2.475695e+01  <LogSample>  <DielIoni>  <SE> 
    202      44  5.697167e+00  5.697167e+00  7.650e-06  1.844922e+01  1.583242e+01  1.000000e+00  1.735e+01  1.741e+01 -8.265e-01  3.075765e-02 -4.879102e-01  8.723518e-01 -9.485972e-01  2.465873e+01  <LogSample>  <DielIoni>  <SE> 
    202      25  1.689599e+00  1.689599e+00  2.188e-05  1.412281e+01  1.352040e+01  1.000000e+00  1.646e+01  1.728e+01 -2.033e+00  7.171759e-01 -1.964085e-01  6.686422e-01 -3.030683e+00  2.386170e+01  <LogSample>  <DielIoni>  <SE> 
    202      66  7.000566e+00  7.000566e+00  1.406e-05 -1.753789e+00 -2.450013e+00  1.000000e+00  7.234e-02 -8.052e-02 -2.925e+00  4.952883e-01  7.692340e-02  8.653163e-01 -2.925256e+00  3.522223e+00  <LogSample>  <DielIoni>  <SE> 
    203       2  4.739026e+00  4.739026e+00  1.796e-06  1.348937e+00  1.882937e-01  1.000000e+00  0.000e+00  1.006e-02 -5.203e-02  7.938252e-01  1.048862e-01  5.990330e-01 -5.202860e-02  1.362015e+00  <LogSample>  <DielIoni>  <SE> 
    204       1  6.304794e+02  6.304794e+02  2.694e-06  4.685638e+00 -1.062697e+01  1.000000e+00  0.000e+00  0.000e+00  1.000e+01  7.588946e-01  4.362636e-02  6.497505e-01 -7.240785e+00  1.181101e+01  <samplecontainer>  <PE>  <BSE> 
    204       2  3.226764e+00  3.226764e+00  1.347e-05  4.740952e-01 -2.833071e+00  1.000000e+00  6.599e-02  1.376e-02 -1.498e+00 -5.596398e-01 -6.515675e-01  5.121163e-01 -1.906295e+00  2.872466e+00  <LogSample>  <DielIoni>  <SE> 
    205      11  4.878416e+00  4.878416e+00  1.378e-05  2.131636e+00 -9.974148e+00  1.000000e+00  5.446e+00 -7.961e+00 -7.263e-01 -1.509166e-01  7.437760e-01  6.511693e-01 -2.214547e+00  1.180479e+01  <LogSample>  <DielIoni>  <SE> 
    205       6  1.395485e+01  1.395485e+01  1.809e-06  3.004652e+00 -3.870489e+00  1.000000e+00  2.912e+00 -4.452e+00 -6.477e-01  2.465664e-01  5.841829e-01  7.732628e-01 -6.476974e-01  5.517919e+00  <LogSample>  <DielIoni>  <SE> 
    207       4  6.150714e+00  6.150714e+00  5.283e-06 -1.131190e+00 -2.921824e+00  1.000000e+00 -4.021e-02 -4.604e-02 -1.659e+00 -6.506233e-01 -6.713061e-01  3.550175e-01 -1.658915e+00  3.133153e+00  <LogSample>  <DielIoni>  <SE> 
    210      14  3.908291e+00  3.908291e+00  2.370e-05  1.745199e+01  2.287692e+00  1.000000e+00  1.582e+01  2.591e+00 -7.186e+00  7.075124e-01  1.310651e-02  7.065794e-01 -7.186093e+00  1.776379e+01  <LogSample>  <DielIoni>  <SE> 
    210       9  2.846242e+00  2.846242e+00  4.381e-05  1.250282e+01  1.353089e+00  1.000000e+00  9.919e+00  3.499e+00 -7.456e+00 -5.232568e-01  7.433121e-01  4.167607e-01 -7.456485e+00  1.389226e+01  <LogSample>  <DielIoni>  <SE> 
    211       1  9.374313e+02  9.374313e+02  1.366e-06 -1.841698e+00  9.998658e+00  1.000000e+00  0.000e+00  0.000e+00  1.000e+01  2.901527e-01  9.451722e-02  9.523014e-01 -3.921227e+00  1.016686e+01  <samplecontainer>  <PE>  <BSE> 
    213       2  1.120122e+01  1.120122e+01  5.286e-06  1.076542e+00 -2.259149e+00  1.000000e+00  3.726e-02  5.711e-02 -9.640e-01 -3.868391e-01 -8.108559e-01  4.391676e-01 -1.073958e+00  2.502538e+00  <LogSample>  <DielIoni>  <SE> 
    214       2  9.257538e+00  9.257538e+00  2.139e-06 -1.501866e+00 -4.116864e-01  1.000000e+00 -9.239e-02  1.039e-02 -1.029e+00 -5.836907e-01 -4.180074e-01  6.961142e-01 -1.029365e+00  1.557269e+00  <LogSample>  <DielIoni>  <SE> 
    216       1  1.174269e+03  1.174269e+03  1.322e-06  3.299839e+00  2.606416e+00  1.000000e+00  0.000e+00  0.000e+00  1.000e+01  3.105670e-02 -7.615033e-02  9.966126e-01 -5.776649e+00  4.260355e+00  <samplecontainer>  <PE>  <BSE> 
    217       1  9.819591e+02  9.819591e+02  1.056e-06  5.010625e+00  3.115567e-01  1.000000e+00  0.000e+00  0.000e+00  1.000e+01  8.354980e-01  1.724259e-01  5.217397e-01 -2.671927e+00  5.020302e+00  <samplecontainer>  <PE>  <BSE> 
    217       6  2.983834e+01  2.983834e+01  1.415e-06  2.192013e+00 -1.022774e+00  1.000000e+00  2.174e+00 -2.743e-01 -7.984e-01  1.095478e-02 -3.710495e-01  9.285485e-01 -7.983802e-01  2.418881e+00  <LogSample>  <DielIoni>  <SE> 
    217       8  9.153346e+00  9.153346e+00  2.138e-06  3.020307e+00 -8.704436e-01  1.000000e+00  2.171e+00 -4.030e-01 -6.419e-01 -9.730497e-02 -1.615397e-01  9.820574e-01 -7.125077e-01  3.226929e+00  <LogSample>  <DielIoni>  <SE> 
    218       1  5.258167e+02  5.258167e+02  3.007e-06  1.922986e+01 -1.539756e+01  1.000000e+00  0.000e+00  0.000e+00  1.000e+01  3.972183e-01  4.005265e-01  8.257095e-01 -6.744909e+00  2.463478e+01  <samplecontainer>  <PE>  <BSE> 
    218       5  4.937344e+00  4.937344e+00  6.645e-06  4.744623e+00 -3.707693e+00  1.000000e+00  1.809e+00 -5.183e+00 -2.008e+00  3.350869e-01 -3.371262e-01  8.798084e-01 -2.593327e+00  6.021498e+00  <LogSample>  <DielIoni>  <SE> 
    220       1  2.755869e+02  2.755869e+02  3.799e-06  2.053392e+01  2.071541e+01  1.000000e+00  0.000e+00  0.000e+00  1.000e+01 -6.532583e-01 -7.071912e-01  2.704333e-01 -2.223399e+00  3.493581e+01  <samplecontainer>  <PE>  <BSE> 
    220      34  1.783687e+01  1.783687e+01  4.473e-06  2.487015e+01  2.265349e+01  1.000000e+00  2.320e+01  2.364e+01 -1.731e-01  6.926364e-01 -5.762915e-01  4.337544e-01 -1.730541e-01  3.364082e+01  <LogSample>  <DielIoni>  <SE> 
    220      33  9.629077e+00  9.629077e+00  4.333e-06  2.195770e+01  2.344751e+01  1.000000e+00  2.327e+01  2.372e+01 -2.356e-01 -6.775810e-01 -6.753165e-02  7.323411e-01 -2.355897e-01  3.324732e+01  <LogSample>  <DielIoni>  <SE> 
    220      19  5.153387e+00  5.153387e+00  4.160e-06  1.500799e+01  2.133704e+01  1.000000e+00  1.545e+01  2.069e+01 -3.741e-01 -2.464310e-01  7.998317e-01  5.473035e-01 -3.740619e-01  2.608656e+01  <LogSample>  <DielIoni>  <SE> 
    220      17  1.671298e+01  1.671298e+01  2.961e-06  1.528396e+01  2.000967e+01  1.000000e+00  1.466e+01  2.080e+01 -3.040e-01  3.868421e-01 -5.233535e-01  7.592459e-01 -3.295270e-01  2.548901e+01  <LogSample>  <DielIoni>  <SE> 
    220      49  9.056604e-01  9.056604e-01  1.325e-05  2.010783e+00  1.623514e+01  1.000000e+00  2.616e+00  1.592e+01 -9.799e-01  1.333489e-01 -1.382353e-01  9.813812e-01 -1.115262e+00  1.649238e+01  <LogSample>  <DielIoni>  <SE> 
    221       4  3.617125e+00  3.617125e+00  1.450e-05  1.824224e+00 -4.131646e-02  1.000000e+00  1.139e-01 -4.718e-01 -1.514e+00 -1.416268e-01  1.612015e-01  9.767067e-01 -2.573490e+00  3.742846e+00  <LogSample>  <DielIoni>  <SE> 
    221      66  6.056418e+00  6.056418e+00  1.762e-06  1.904326e-01  7.402950e-01  1.000000e+00  1.182e-01  6.506e-01 -6.776e-01  1.072424e-02 -9.564703e-02  9.953575e-01 -6.776168e-01  8.687907e-01  <LogSample>  <DielIoni>  <SE> 
    221      65  1.115041e+01  1.115041e+01  3.752e-06 -3.235648e-01  8.834583e-01  1.000000e+00  1.181e-01  6.509e-01 -6.777e-01  9.091129e-02 -7.500688e-01  6.550816e-01 -1.128463e+00  2.156689e+00  <LogSample>  <DielIoni>  <SE> 
    221      64  6.599384e+00  6.599384e+00  2.356e-06  5.623011e-01  5.112160e-01  1.000000e+00  7.723e-02  7.759e-01 -6.826e-01  3.933175e-02  1.402748e-01  9.893311e-01 -9.705865e-01  7.797034e-01  <LogSample>  <DielIoni>  <SE> 
    221      68  1.094490e+01  1.094490e+01  1.899e-06  8.232121e-01  1.377422e+00  1.000000e+00 -3.710e-01 -2.282e-01 -2.687e-01  5.129359e-01  7.047861e-01  4.900747e-01 -2.686726e-01  1.604671e+00  <LogSample>  <DielIoni>  <SE> 
    226       2  1.427795e+01  1.427795e+01  1.182e-06  3.661320e-01  4.104247e-01  1.000000e+00  0.000e+00  1.005e-02 -4.100e-02  8.567271e-02  5.626740e-01  8.222276e-01 -6.772244e-02  5.500010e-01  <LogSample>  <DielIoni>  <SE> 
    232       1  8.101878e+02  8.101878e+02  2.220e-06  1.017449e+01 -1.010308e+01  1.000000e+00  0.000e+00  0.000e+00  1.000e+01  3.529111e-01 -7.897969e-01  5.016718e-01 -1.079394e+01  1.433850e+01  <samplecontainer>  <PE>  <BSE> 
    236       7  3.800289e+00  3.800289e+00  9.935e-06 -4.773278e-01  5.592558e+00  1.000000e+00 -2.428e+00  3.019e+00 -2.953e+00  3.681742e-01 -6.115421e-01  7.003314e-01 -2.952901e+00  7.780250e+00  <LogSample>  <DielIoni>  <SE> 
    237       1  1.249916e+03  1.249916e+03  7.104e-07  3.713987e+00 -4.081682e-01  1.000000e+00  0.000e+00  0.000e+00  1.000e+01  8.846040e-01 -1.764446e-01  4.316747e-01 -5.952073e-01  3.736349e+00  <samplecontainer>  <PE>  <BSE> 
    240       1  1.157793e+03  1.157793e+03  1.008e-06  6.368621e+00  3.682739e-01  1.000000e+00  0.000e+00  0.000e+00  1.000e+01  8.810051e-01  2.939746e-02  4.721925e-01 -2.715183e+00  6.379260e+00  <samplecontainer>  <PE>  <BSE> 
    242      30  3.051629e+00  3.051629e+00  8.655e-06  5.483051e+00 -4.237694e+00  1.000000e+00  7.323e+00 -4.580e+00 -2.769e+00 -3.642869e-01 -1.508563e-01  9.189872e-01 -2.769419e+00  8.637380e+00  <LogSample>  <DielIoni>  <SE> 
    243       3  1.121902e+01  1.121902e+01  2.059e-06 -4.328234e-01 -3.617779e-01  1.000000e+00  1.067e-02  1.612e-02 -5.775e-01 -4.731344e-01 -4.844593e-01  7.358281e-01 -7.074890e-01  5.641094e-01  <LogSample>  <DielIoni>  <SE> 
    244       2  3.728605e+00  3.728605e+00  5.802e-06 -2.069055e+00 -2.140423e+00  1.000000e+00  4.292e-02  3.411e-02 -6.362e-01 -6.084647e-01  9.092863e-02  7.883545e-01 -1.116574e+00  2.976978e+00  <LogSample>  <DielIoni>  <SE> 
    246       1  4.732916e+02  4.732916e+02  2.881e-06  9.375120e+00 -8.378490e+00  1.000000e+00  0.000e+00  0.000e+00  1.000e+01 -4.011644e-01  5.726024e-01  7.149781e-01 -8.750253e+00  1.853642e+01  <samplecontainer>  <PE>  <BSE> 
    246      19  2.619588e+00  2.619588e+00  2.471e-05  8.355181e+00 -1.221666e+01  1.000000e+00  9.304e+00 -1.153e+01 -6.255e+00 -5.963807e-01 -1.481667e-01  7.889086e-01 -6.255044e+00  1.522283e+01  <LogSample>  <DielIoni>  <SE> 
    248       3  5.676802e+00  5.676802e+00  5.560e-06  1.485897e+00  1.321732e+00  1.000000e+00  3.682e-02  3.139e-03 -1.291e+00  7.408789e-01  5.603191e-01  3.703254e-01 -1.290559e+00  1.988684e+00  <LogSample>  <DielIoni>  <SE> 
    250       1  9.376274e+02  9.376274e+02  2.176e-06 -2.439298e+01 -2.118266e+00  1.000000e+00  0.000e+00  0.000e+00  1.000e+01 -6.715082e-01  4.745119e-01  5.691356e-01 -3.651286e+00  2.448478e+01  <samplecontainer>  <PE>  <BSE> 
    257       1  1.217065e+03  1.217065e+03  1.124e-06  1.983513e+00  6.529019e+00  1.000000e+00  0.000e+00  0.000e+00  1.000e+01 -2.022758e-01  3.440182e-01  9.169166e-01 -3.121212e+00  6.823666e+00  <samplecontainer>  <PE>  <BSE> 
    258      20  4.951005e+00  4.951005e+00  1.729e-05  1.189129e+01  3.476770e+00  1.000000e+00  1.420e+01  4.741e+00 -2.654e+00 -3.826415e-01 -6.587241e-01  6.478180e-01 -4.138574e+00  1.497348e+01  <LogSample>  <DielIoni>  <SE> 
    258      58  1.080706e+01  1.080706e+01  2.641e-06 -2.695068e+00 -2.171972e-01  1.000000e+00 -3.954e-01 -1.071e+00 -1.203e+00 -9.024032e-01  7.283301e-02  4.246927e-01 -1.203021e+00  2.703806e+00  <LogSample>  <DielIoni>  <SE> 
    258      72  5.464898e+00  5.464898e+00  4.868e-06 -1.922269e+00 -2.523162e+00  1.000000e+00  1.462e-01 -1.415e+00 -9.496e-01 -1.925534e-01 -4.230584e-01  8.854065e-01 -1.445845e+00  3.171981e+00  <LogSample>  <DielIoni>  <SE> 
    261       1  3.770780e+02  3.770780e+02  2.673e-06 -1.181653e+01 -2.795019e+00  1.000000e+00  0.000e+00  0.000e+00  1.000e+01 -1.766957e-03  8.348069e-01  5.505400e-01 -5.681685e+00  1.515633e+01  <samplecontainer>  <PE>  <BSE> 
    261      24  4.464939e+00  4.464939e+00  1.852e-05 -7.290401e+00 -2.075070e+00  1.000000e+00 -9.861e+00 -8.491e+00 -2.866e+00  2.380500e-01  6.834925e-01  6.900509e-01 -4.784700e+00  1.301249e+01  <LogSample>  <DielIoni>  <SE> 
    263       3  1.995912e+00  1.995912e+00  2.617e-05 -3.619739e-02 -6.841208e-01  1.000000e+00  1.176e-03  1.282e-02 -1.340e+00  7.381820e-01  3.764856e-01  5.597732e-01 -4.639027e+00  2.662485e+00  <LogSample>  <DielIoni>  <SE> 
    265       1  2.939752e+02  2.939752e+02  2.325e-06 -1.276871e+01  9.671701e+00  1.000000e+00  0.000e+00  0.000e+00  1.000e+01  2.553665e-02  3.132908e-01  9.493138e-01 -6.817195e+00  1.601817e+01  <samplecontainer>  <PE>  <BSE> 
    265      13  3.128777e+00  3.128777e+00  1.021e-05 -1.043368e+01  1.008060e+01  1.000000e+00 -1.274e+01  8.984e+00 -1.182e+00  4.889313e-01  7.289654e-01  4.791196e-01 -1.181741e+00  1.582004e+01  <LogSample>  <DielIoni>  <SE> 
    267      27  3.425738e+00  3.425738e+00  5.289e-06 -1.651231e+01 -1.110376e+01  1.000000e+00 -1.571e+01 -1.044e+01 -1.020e+00 -3.397309e-01 -5.992384e-01  7.249112e-01 -1.107148e+00  1.989848e+01  <LogSample>  <DielIoni>  <SE> 
    270       1  7.187696e+02  7.187696e+02  2.513e-06 -1.745153e+00  1.061910e+01  1.000000e+00  0.000e+00  0.000e+00  1.000e+01 -2.910311e-01  4.469043e-03  9.567032e-01 -1.662369e+01  1.076154e+01  <samplecontainer>  <PE>  <BSE> 
    273       1  1.175762e+03  1.175762e+03  7.244e-07 -1.189127e+00  2.262022e+00  1.000000e+00  0.000e+00  0.000e+00  1.000e+01 -3.284416e-01  6.693179e-01  6.664380e-01 -1.413813e+00  2.555536e+00  <samplecontainer>  <PE>  <BSE> 
    274       2  2.859751e+00  2.859751e+00  9.149e-06 -2.631663e+00  3.007296e-01  1.000000e+00  0.000e+00  1.104e-02 -1.032e+00  6.308678e-01  1.837664e-01  7.538141e-01 -1.308417e+00  3.507363e+00  <LogSample>  <DielIoni>  <SE> 
    277      51  4.658917e+00  4.658917e+00  9.197e-06 -3.766049e+00 -6.580048e+00  1.000000e+00 -4.223e+00 -5.906e+00 -1.219e+00  1.976849e-01  5.081250e-01  8.382897e-01 -1.222481e+00  8.501844e+00  <LogSample>  <DielIoni>  <SE> 
    277       8  6.630429e+00  6.630429e+00  2.727e-06 -2.413426e+00 -5.305110e-01  1.000000e+00 -6.826e-01 -6.662e-01 -1.428e+00 -7.367108e-01 -3.248068e-01  5.930917e-01 -1.428300e+00  2.471046e+00  <LogSample>  <DielIoni>  <SE> 
    278       4  3.757279e+00  3.757279e+00  7.051e-06 -1.365559e+00 -4.227342e+00  1.000000e+00 -2.094e-01  9.384e-02 -1.956e+00  8.685015e-02 -9.393189e-01  3.318690e-01 -1.955728e+00  4.442428e+00  <LogSample>  <DielIoni>  <SE> 
    281       1  3.402592e+02  3.402592e+02  1.672e-06 -8.420991e+00 -9.178635e+00  1.000000e+00  0.000e+00  0.000e+00  1.000e+01  1.111843e-01 -5.943880e-01  7.964552e-01 -3.942382e+00  1.245634e+01  <samplecontainer>  <PE>  <BSE> 
    281      19  6.133589e+00  6.133589e+00  7.254e-06 -8.164421e+00 -2.836230e+00  1.000000e+00 -8.766e+00 -6.973e+00 -2.088e+00 -3.381908e-01  7.605632e-01  5.542298e-01 -2.088245e+00  1.120084e+01  <LogSample>  <DielIoni>  <SE> 
    281      32  8.535086e+00  8.535086e+00  4.526e-06 -1.128245e-01 -1.848613e+00  1.000000e+00  6.574e-01 -1.649e-01 -2.823e+00 -5.182099e-01 -3.986768e-01  7.566474e-01 -2.822611e+00  1.852052e+00  <LogSample>  <DielIoni>  <SE> 
    282       1  9.074341e+02  9.074341e+02  1.631e-06 -1.215075e+01 -3.119889e+00  1.000000e+00  0.000e+00  0.000e+00  1.000e+01 -3.571148e-01 -1.696874e-01  9.185179e-01 -6.497084e+00  1.254490e+01  <samplecontainer>  <PE>  <BSE> 
    283      63  1.131616e+00  1.131616e+00  9.718e-06 -9.578726e-01 -6.295488e-01  1.000000e+00 -5.922e-01 -1.361e+00 -6.718e-01 -1.841329e-01 -6.333413e-02  9.808587e-01 -1.545951e+00  1.598844e+00  <LogSample>  <DielIoni>  <SE> 
    285       1  9.402613e+02  9.402613e+02  2.733e-06  6.966925e+00 -2.168852e+00  1.000000e+00  0.000e+00  0.000e+00  1.000e+01  4.022291e-01  8.979116e-01  1.787918e-01 -2.457341e+00  1.841711e+01  <samplecontainer>  <PE>  <BSE> 
    285      11  5.521343e+00  5.521343e+00  1.353e-05 -1.788799e+00 -1.786165e+01  1.000000e+00 -4.009e+00 -1.527e+01 -5.417e-01  6.437199e-01 -2.554564e-01  7.213645e-01 -2.171415e+00  1.795100e+01  <LogSample>  <DielIoni>  <SE> 
    285      10  8.229904e+00  8.229904e+00  2.521e-06 -3.625262e+00 -1.421636e+01  1.000000e+00 -4.252e+00 -1.392e+01 -5.969e-01  5.883262e-01  1.283731e-01  7.983687e-01 -5.968722e-01  1.510782e+01  <LogSample>  <DielIoni>  <SE> 
    285       8  1.646827e+01  1.646827e+01  1.413e-06 -2.024341e+00 -6.207930e+00  1.000000e+00 -2.086e+00 -6.451e+00 -1.155e-01  8.893294e-02  2.369517e-01  9.674424e-01 -1.154949e-01  6.805725e+00  <LogSample>  <DielIoni>  <SE> 
    285       7  9.510430e+00  9.510430e+00  1.551e-06 -1.469243e+00 -6.043539e+00  1.000000e+00 -1.901e+00 -6.046e+00 -1.149e-01  3.733659e-01  2.044108e-03  9.276819e-01 -1.148916e-01  6.337638e+00  <LogSample>  <DielIoni>  <SE> 
    285      15  4.520889e+00  4.520889e+00  6.667e-06 -3.819578e-01 -1.115590e+00  1.000000e+00  2.746e-01 -1.702e-01 -2.034e+00 -3.892699e-01 -3.491982e-01  8.523670e-01 -2.033798e+00  1.179166e+00  <LogSample>  <DielIoni>  <SE> 
    286      68  3.314534e+00  3.314534e+00  1.244e-05  8.370815e-01 -1.507303e+00  1.000000e+00 -7.051e-01  4.148e-01 -2.142e+00  8.692387e-02  3.356473e-02  9.956494e-01 -2.663816e+00  2.565358e+00  <LogSample>  <DielIoni>  <SE> 
    287      70  3.008439e+00  3.008439e+00  9.250e-06 -5.989250e-01 -9.457998e-01  1.000000e+00 -1.122e-02 -3.095e-01 -1.456e+00 -3.834045e-01 -5.429221e-01  7.471523e-01 -1.726828e+00  1.119486e+00  <LogSample>  <DielIoni>  <SE> 
    287      73  1.871765e+00  1.871765e+00  1.603e-05 -6.512823e-02 -4.318607e+00  1.000000e+00  8.422e-03 -3.467e-01 -1.468e+00 -4.212630e-01 -7.749610e-01  4.711399e-01 -2.469524e+00  4.319098e+00  <LogSample>  <DielIoni>  <SE> 
    288       1  6.749780e+02  6.749780e+02  2.914e-06  1.347437e+01 -1.635317e+01  1.000000e+00  0.000e+00  0.000e+00  1.000e+01 -2.154013e-01 -4.349023e-01  8.743353e-01 -1.404719e+01  2.118926e+01  <samplecontainer>  <PE>  <BSE> 
    288      18  3.691151e+00  3.691151e+00  7.714e-06  1.436276e+01 -1.288071e+01  1.000000e+00  1.420e+01 -1.502e+01 -1.595e+00  3.294162e-01 -2.465875e-01  9.114162e-01 -1.855024e+00  2.067240e+01  <LogSample>  <DielIoni>  <SE> 
    289       1  5.388454e+02  5.388454e+02  2.901e-06  1.832727e+01 -7.957048e+00  1.000000e+00  0.000e+00  0.000e+00  1.000e+01  3.621032e-01  1.621610e-01  9.179243e-01 -5.935065e+00  1.998007e+01  <samplecontainer>  <PE>  <BSE> 
    291       3  6.032862e+01  6.032862e+01  1.042e-06  1.352769e-02  6.697703e-01  1.000000e+00  3.893e-03 -6.654e-04 -6.347e-01 -2.841227e-01  5.433640e-01  7.899556e-01 -6.346852e-01  6.699069e-01  <LogSample>  <DielIoni>  <BSE> 
    292       1  1.249927e+03  1.249927e+03  6.195e-07 -2.116039e+00  1.115199e+00  1.000000e+00  0.000e+00  0.000e+00  1.000e+01 -7.837106e-01  4.092265e-01  4.672594e-01 -2.675930e-01  2.391921e+00  <samplecontainer>  <PE>  <BSE> 
    297       1  6.921431e+02  6.921431e+02  1.012e-06  2.496984e+00 -1.490622e+00  1.000000e+00  0.000e+00  0.000e+00  1.000e+01  6.222737e-01 -3.165068e-01  7.159601e-01 -3.674566e+00  2.908072e+00  <samplecontainer>  <PE>  <BSE> 
    297      18  3.110901e+00  3.110901e+00  8.069e-06  2.624067e+00 -1.452094e+00  1.000000e+00  1.485e+00 -1.128e+00 -1.710e+00 -8.068265e-04  6.696373e-01  7.426879e-01 -2.235281e+00  3.599125e+00  <LogSample>  <DielIoni>  <SE> 
    299      68  1.638300e+00  1.638300e+00  2.221e-06  2.741149e-01 -4.764199e-01  1.000000e+00 -6.696e-02 -2.785e-01 -1.242e-01  2.814571e-01 -1.818475e-01  9.421854e-01 -1.721685e-01  5.496498e-01  <LogSample>  <DielIoni>  <SE> 
    300       1  9.933898e+02  9.933898e+02  2.232e-06 -1.453715e+01  7.590835e+00  1.000000e+00  0.000e+00  0.000e+00  1.000e+01 -3.344374e-02 -6.994854e-01  7.138639e-01 -1.205967e+01  1.802087e+01  <samplecontainer>  <PE>  <BSE> 
    304       1  1.127986e+03  1.127986e+03  1.209e-06 -1.802507e+00 -5.468762e+00  1.000000e+00  0.000e+00  0.000e+00  1.000e+01 -1.829007e-01 -5.121040e-01  8.392239e-01 -5.330144e+00  5.758158e+00  <samplecontainer>  <PE>  <BSE> 
    304       2  5.999871e+00  5.999871e+00  4.408e-06 -1.992993e+00  2.259282e+00  1.000000e+00  0.000e+00  1.083e-02 -8.253e-01 -8.287010e-01  4.191389e-01  3.709141e-01 -9.443251e-01  3.012703e+00  <LogSample>  <DielIoni>  <SE> 
    305      63  5.989515e+00  5.989515e+00  4.170e-06 -1.329357e+00 -7.851535e-01  1.000000e+00  2.320e-01 -4.234e-01 -2.110e+00  1.069650e-01 -4.480922e-01  8.875652e-01 -2.109650e+00  1.633474e+00  <LogSample>  <DielIoni>  <SE> 
    309      64  3.073897e+00  3.073897e+00  3.273e-05 -4.162458e+00  1.316059e-01  1.000000e+00  3.460e-01 -1.379e-01 -2.007e+00 -3.229263e-01 -7.302808e-01  6.020038e-01 -3.532944e+00  4.340175e+00  <LogSample>  <DielIoni>  <SE> 
    309      61  5.807626e+00  5.807626e+00  6.058e-06 -7.760041e-01 -2.647766e-03  1.000000e+00  2.318e-01  2.036e-01 -2.389e+00 -3.603054e-01  6.234254e-01  6.939170e-01 -2.389032e+00  1.745059e+00  <LogSample>  <DielIoni>  <SE> 
    312       2  1.538205e+01  1.538205e+01  2.339e-06 -3.964688e-01  1.776347e+00  1.000000e+00  7.243e-04  8.347e-03 -1.184e+00 -2.164173e-01  7.788190e-01  5.887313e-01 -1.183675e+00  1.820054e+00  <LogSample>  <DielIoni>  <SE> 
    314      41  3.245857e+00  3.245857e+00  1.199e-05 -5.296651e+00  1.234269e+01  1.000000e+00 -7.818e+00  1.198e+01 -1.986e+00  4.702192e-02  8.062665e-01  5.896806e-01 -1.985780e+00  1.430805e+01  <LogSample>  <DielIoni>  <SE> 
    315       1  1.193877e+03  1.193877e+03  9.582e-07  7.487219e+00 -4.654402e+00  1.000000e+00  0.000e+00  0.000e+00  1.000e+01  8.168267e-01 -5.313676e-01  2.245942e-01 -8.942326e-01  8.816003e+00  <samplecontainer>  <PE>  <BSE> 
    315       2  6.183973e+00  6.183973e+00  2.622e-06 -1.110257e-01 -9.289022e-01  1.000000e+00  1.710e+00 -1.015e+00 -5.260e-01 -8.515370e-01  2.996526e-02  5.234375e-01 -5.260052e-01  2.049422e+00  <LogSample>  <DielIoni>  <SE> 
    316       1  1.159468e+03  1.159468e+03  7.544e-07  1.547760e+00  1.343769e+00  1.000000e+00  0.000e+00  0.000e+00  1.000e+01  4.455812e-01  3.865830e-01  8.074719e-01 -2.012757e+00  2.049701e+00  <samplecontainer>  <PE>  <BSE> 
    318       1  5.118285e+02  5.118285e+02  1.685e-06  7.166042e+00  3.114096e+00  1.000000e+00  0.000e+00  0.000e+00  1.000e+01  6.083624e-01  6.097123e-01  5.080809e-01 -3.941918e+00  7.813434e+00  <samplecontainer>  <PE>  <BSE> 
    318      15  6.235481e+00  6.235481e+00  2.667e-06  5.980830e+00  1.908307e+00  1.000000e+00  5.571e+00  1.512e+00 -3.461e-01  5.404565e-01  2.141978e-01  8.136498e-01 -3.983290e-01  6.277895e+00  <LogSample>  <DielIoni>  <SE> 
    318      12  5.707643e+00  5.707643e+00  4.875e-06  6.753277e+00 -5.897795e-01  1.000000e+00  4.736e+00  5.088e-01 -1.158e+00  4.384095e-01 -7.249967e-01  5.312033e-01 -1.158430e+00  6.778981e+00  <LogSample>  <DielIoni>  <SE> 
    318      10  5.156095e+00  5.156095e+00  6.724e-06  4.138547e+00 -1.583895e+00  1.000000e+00  3.719e+00 -1.333e+00 -2.716e+00 -8.118157e-01  4.350329e-02  5.822910e-01 -2.715559e+00  5.832956e+00  <LogSample>  <DielIoni>  <SE> 
    318       3  1.348294e+00  1.348294e+00  1.816e-05  3.356017e-01  2.623326e+00  1.000000e+00  6.257e-02 -8.010e-02 -1.410e+00  2.295934e-01  5.182911e-01  8.238090e-01 -1.834350e+00  2.644706e+00  <LogSample>  <DielIoni>  <SE> 
    324       1  6.147822e+02  6.147822e+02  3.086e-06  2.735946e+01 -2.352312e+01  1.000000e+00  0.000e+00  0.000e+00  1.000e+01  4.057677e-01 -8.052420e-01  4.323631e-01 -8.086104e+00  3.608154e+01  <samplecontainer>  <PE>  <BSE> 
    328       1  9.573427e+02  9.573427e+02  2.315e-06  2.216954e+00  1.716561e+01  1.000000e+00  0.000e+00  0.000e+00  1.000e+01 -1.675361e-01  6.283836e-01  7.596484e-01 -1.120612e+01  1.730817e+01  <samplecontainer>  <PE>  <BSE> 
    330       1  2.546026e+02  2.546026e+02  3.117e-06  7.699836e+00 -1.461969e+01  1.000000e+00  0.000e+00  0.000e+00  1.000e+01 -3.714677e-01 -6.724281e-01  6.401970e-01 -8.995817e+00  1.652340e+01  <samplecontainer>  <PE>  <BSE> 
    330      32  1.377163e+01  1.377163e+01  4.991e-06  6.643311e+00 -9.888044e+00  1.000000e+00  8.306e+00 -1.278e+01 -7.485e-01 -6.088197e-01  7.335151e-01  3.021494e-01 -7.485191e-01  1.524499e+01  <LogSample>  <DielIoni>  <SE> 
    330      51  9.345396e+00  9.345396e+00  3.535e-06 -4.676973e-01 -1.517657e+00  1.000000e+00 -1.351e-01 -1.292e+00 -1.706e+00  5.037056e-02 -7.220791e-01  6.899743e-01 -1.706217e+00  1.588088e+00  <LogSample>  <DielIoni>  <SE> 
    333       1  4.766847e+02  4.766847e+02  3.335e-06 -2.524167e+01 -2.925120e+01  1.000000e+00  0.000e+00  0.000e+00  1.000e+01  3.745795e-01 -8.355723e-01  4.018820e-01 -6.580547e+00  3.863644e+01  <samplecontainer>  <PE>  <BSE> 
    334       1  7.343432e+02  7.343432e+02  2.844e-06  1.693249e+01  1.496194e+01  1.000000e+00  0.000e+00  0.000e+00  1.000e+01  2.761413e-03 -4.463953e-02  9.989993e-01 -1.542327e+01  2.266479e+01  <samplecontainer>  <PE>  <BSE> 
    335      67  3.915902e+00  3.915902e+00  8.220e-06 -1.860635e+00 -1.203534e+00  1.000000e+00 -1.326e-02  3.168e-01 -1.295e+00 -4.216600e-01  2.746400e-01  8.641618e-01 -2.008197e+00  3.590279e+00  <LogSample>  <DielIoni>  <SE> 
    338       1  6.381111e+02  6.381111e+02  3.686e-06 -3.839189e+01 -2.108016e+01  1.000000e+00  0.000e+00  0.000e+00  1.000e+01 -8.223590e-01  4.790878e-01  3.069210e-01 -7.480219e+00  4.379852e+01  <samplecontainer>  <PE>  <BSE> 
    338      27  3.181160e+00  3.181160e+00  9.034e-06 -3.329104e+01 -2.388984e+01  1.000000e+00 -3.518e+01 -2.295e+01 -2.206e-01  2.122950e-01 -7.576697e-01  6.171446e-01 -1.124075e+00  4.233170e+01  <LogSample>  <DielIoni>  <SE> 
    338      23  1.409218e+00  1.409218e+00  2.342e-05 -3.177032e+01 -2.546725e+01  1.000000e+00 -2.949e+01 -2.358e+01 -5.156e+00  8.124851e-02  5.756396e-01  8.136570e-01 -5.320075e+00  4.131244e+01  <LogSample>  <DielIoni>  <SE> 
    338      32  1.375524e-01  1.375524e-01  4.649e-05 -1.915034e+01 -1.628968e+01  1.000000e+00 -1.839e+01 -1.254e+01 -3.112e+00 -1.878026e-01  2.649888e-01  9.457860e-01 -3.579675e+00  2.591168e+01  <LogSample>  <DielIoni>  <SE> 
    342       1  5.943238e+02  5.943238e+02  3.587e-06  1.520291e+01 -1.409298e+01  1.000000e+00  0.000e+00  0.000e+00  1.000e+01 -4.295610e-01  3.441056e-02  9.023820e-01 -1.075088e+01  2.971690e+01  <samplecontainer>  <PE>  <BSE> 
    343       3  3.059710e+00  3.059710e+00  1.027e-05 -2.241439e+00 -6.384219e-01  1.000000e+00 -1.151e+00  1.127e-02 -3.120e+00 -8.214206e-02 -2.873115e-02  9.962064e-01 -3.120170e+00  2.330586e+00  <LogSample>  <DielIoni>  <SE> 
    343       2  3.192793e+00  3.192793e+00  1.099e-05 -2.363676e+00 -1.902462e+00  1.000000e+00 -2.322e-02  1.439e-02 -5.148e-01 -2.795826e-01  4.925254e-01  8.241677e-01 -1.834994e+00  3.907383e+00  <LogSample>  <DielIoni>  <SE> 
    344       1  1.000671e+03  1.000671e+03  1.552e-06  2.050117e-01  1.198309e+01  1.000000e+00  0.000e+00  0.000e+00  1.000e+01 -5.571479e-02  3.524222e-01  9.341812e-01 -5.818589e+00  1.198484e+01  <samplecontainer>  <PE>  <BSE> 
    344       2  6.374192e+01  6.374192e+01  8.070e-07 -1.242987e-01 -7.494153e-01  1.000000e+00  0.000e+00  1.005e-02 -3.585e-02  6.375190e-02 -2.486705e-01  9.664878e-01 -3.584944e-02  7.596535e-01  <LogSample>  <DielIoni>  <BSE> 
    345       1  7.776080e+02  7.776080e+02  3.232e-06  3.038923e+01  6.659437e+00  1.000000e+00  0.000e+00  0.000e+00  1.000e+01  6.149363e-01  3.210427e-02  7.879230e-01 -1.029739e+01  3.111034e+01  <samplecontainer>  <PE>  <BSE> 
    346       2  8.996746e+00  8.996746e+00  3.399e-06  2.752420e-01  3.667492e-01  1.000000e+00  1.033e-02  1.423e-02 -6.904e-01  3.298581e-01  1.850673e-01  9.257125e-01 -8.059580e-01  5.806894e-01  <LogSample>  <DielIoni>  <SE> 
    351       1  7.330305e+00  7.330305e+00  3.971e-06  6.271137e-02  8.890764e+00  1.000000e+00  0.000e+00  0.000e+00  1.000e+01  1.368437e-01  5.109324e-01  8.486588e-01 -3.468973e+00  8.890985e+00  <samplecontainer>  <PE>  <SE> 
    351      31  7.914756e+00  7.914756e+00  3.197e-06  2.515281e-01  6.575344e+00  1.000000e+00  1.844e-01  7.478e+00 -1.793e-01  1.080884e-01 -5.016735e-01  8.582777e-01 -2.244733e-01  7.480289e+00  <LogSample>  <DielIoni>  <SE> 
    351      30  8.319655e+00  8.319655e+00  5.202e-06  4.374696e+00  8.716523e+00  1.000000e+00  1.233e-01  7.415e+00 -3.020e-01  9.324346e-01  2.732449e-01  2.364381e-01 -5.320404e-01  9.752729e+00  <LogSample>  <DielIoni>  <SE> 
    351      28  6.088448e+00  6.088448e+00  4.805e-06 -3.030092e+00  6.475739e+00  1.000000e+00  1.919e-01  7.363e+00 -3.999e-01 -9.201573e-01  1.694851e-01  3.529666e-01 -3.999233e-01  7.365472e+00  <LogSample>  <DielIoni>  <SE> 
    351      27  6.149077e+00  6.149077e+00  5.187e-06 -7.741506e-02  5.250301e+00  1.000000e+00  1.851e-01  7.333e+00 -4.581e-01 -3.822691e-01 -5.618870e-01  7.335893e-01 -6.830517e-01  7.378527e+00  <LogSample>  <DielIoni>  <SE> 
    351      35  6.756021e+00  6.756021e+00  3.700e-06  1.201392e+00  7.103958e+00  1.000000e+00  7.688e-01  6.249e+00 -6.408e-01 -7.454494e-02  4.776788e-01  8.753662e-01 -6.408157e-01  7.204829e+00  <LogSample>  <DielIoni>  <SE> 
    351      51  5.783182e+00  5.783182e+00  7.073e-06  1.032664e+01  1.810326e+00  1.000000e+00  7.548e+00  1.703e+00 -1.688e+00  5.374001e-01  5.768654e-01  6.151645e-01 -1.688382e+00  1.048412e+01  <LogSample>  <DielIoni>  <SE> 
    351       7  4.675494e+00  4.675494e+00  9.052e-06  4.927370e+00  1.562635e+00  1.000000e+00  4.740e+00 -4.240e-01 -2.116e+00  6.190022e-01  6.135716e-01  4.902715e-01 -2.116359e+00  5.169217e+00  <LogSample>  <DielIoni>  <SE> 
    351      64  6.011792e+00  6.011792e+00  6.914e-06  3.772578e+00 -1.389936e+00  1.000000e+00  3.674e+00  4.663e-01 -2.699e+00 -3.540293e-01 -2.670442e-01  8.962983e-01 -2.698742e+00  4.477268e+00  <LogSample>  <DielIoni>  <SE> 
    352      65  5.599487e+00  5.599487e+00  3.503e-06  2.361728e+00  1.541830e+00  1.000000e+00  6.973e-02  1.412e+00 -1.581e+00  5.182832e-01  4.640831e-01  7.183379e-01 -1.581068e+00  2.820461e+00  <LogSample>  <DielIoni>  <SE> 
    352      63  1.737699e+00  1.737699e+00  5.129e-06  3.796602e-01 -1.088017e-01  1.000000e+00  2.588e-01  1.310e+00 -1.555e+00  4.640428e-01 -6.831878e-01  5.638428e-01 -1.555200e+00  1.423183e+00  <LogSample>  <DielIoni>  <SE> 
    353       2  4.052413e+00  4.052413e+00  1.180e-05 -2.755208e+00  1.592444e+00  1.000000e+00  2.717e-01 -3.650e-02 -2.042e+00 -1.095441e-01  8.864754e-01  4.496238e-01 -2.344402e+00  3.182302e+00  <LogSample>  <DielIoni>  <SE> 
    355      25  1.001286e+01  1.001286e+01  9.161e-06  8.367982e-01 -4.874132e+00  1.000000e+00  3.684e+00 -5.607e+00 -3.507e+00 -2.892832e-01 -2.846648e-01  9.139372e-01 -3.506691e+00  6.708757e+00  <LogSample>  <DielIoni>  <SE> 
    356      71  7.334057e+00  7.334057e+00  7.062e-06  1.615814e+00 -9.103437e-01  1.000000e+00 -4.021e-01 -1.538e-01 -1.460e+00  9.645846e-01  4.237945e-02  2.603469e-01 -1.993210e+00  2.786643e+00  <LogSample>  <DielIoni>  <SE> 
    358       1  1.006516e+03  1.006516e+03  8.047e-07  1.991763e+00  3.853612e-02  1.000000e+00  0.000e+00  0.000e+00  1.000e+01  7.392668e-01 -3.460212e-01  5.777144e-01 -1.400561e+00  1.992135e+00  <samplecontainer>  <PE>  <BSE> 
    359       2  3.531920e-01  3.531920e-01  2.692e-05 -5.345453e-01 -2.486763e+00  1.000000e+00  0.000e+00  1.165e-02 -1.649e+00  1.917199e-01  7.690376e-01  6.097742e-01 -3.662369e+00  5.316897e+00  <LogSample>  <DielIoni>  <SE> 
    361       1  1.249926e+03  1.249926e+03  6.189e-07 -2.220253e+00  4.743209e-01  1.000000e+00  0.000e+00  0.000e+00  1.000e+01 -8.456177e-01  1.767152e-01  5.036888e-01 -3.288393e-01  2.270354e+00  <samplecontainer>  <PE>  <BSE> 
    364       1  9.452022e+02  9.452022e+02  1.243e-06 -2.554709e-01  6.252756e+00  1.000000e+00  0.000e+00  0.000e+00  1.000e+01  2.173028e-01  6.392161e-01  7.376871e-01 -5.482168e+00  6.257972e+00  <samplecontainer>  <PE>  <BSE> 
    368      71  6.500053e+00  6.500053e+00  3.806e-06 -9.682805e-01 -2.828587e+00  1.000000e+00 -3.440e-02  9.012e-02 -9.776e-01 -6.819210e-01 -5.948587e-01  4.255900e-01 -9.775951e-01  2.989727e+00  <LogSample>  <DielIoni>  <SE> 
    376      37  1.229137e+01  1.229137e+01  3.946e-06 -2.139825e+00 -3.054485e+00  1.000000e+00 -3.780e-01 -2.024e+00 -1.587e+00 -8.057814e-01 -1.513688e-01  5.725415e-01 -1.587215e+00  3.729441e+00  <LogSample>  <DielIoni>  <SE> 
    376       3  4.002780e+02  4.002780e+02  8.474e-07 -6.880844e-01  1.757390e+00  1.000000e+00  0.000e+00  1.007e-02 -5.740e-02 -6.008256e-01  2.014593e-01  7.735779e-01 -1.135921e+00  1.887295e+00  <LogSample>  <DielIoni>  <BSE> 
    378       5  1.731758e+00  1.731758e+00  1.287e-05  1.860834e+00 -2.598391e-01  1.000000e+00 -1.349e-02 -1.324e-01 -2.236e+00  7.994644e-01  1.407991e-01  5.839796e-01 -2.236078e+00  2.008971e+00  <LogSample>  <DielIoni>  <SE> 
    379      23  6.627720e+00  6.627720e+00  9.931e-06  1.839538e+01  8.994008e+00  1.000000e+00  2.052e+01  7.936e+00 -2.246e+00 -2.931481e-01 -8.376792e-01  4.608230e-01 -2.259139e+00  2.205235e+01  <LogSample>  <DielIoni>  <SE> 
    379      20  8.179495e+00  8.179495e+00  7.385e-06  1.706809e+01  1.011414e+01  1.000000e+00  1.752e+01  8.657e+00 -2.448e+00  4.201891e-01  2.802831e-01  8.630658e-01 -2.448283e+00  1.983975e+01  <LogSample>  <DielIoni>  <SE> 
    383       3  3.251732e+00  3.251732e+00  5.780e-06  1.558739e+00 -8.490231e-01  1.000000e+00  1.192e+00  5.181e-01 -1.658e+00 -7.867558e-02 -2.992954e-01  9.509113e-01 -1.657770e+00  2.400353e+00  <LogSample>  <DielIoni>  <SE> 
    384       1  1.105363e+03  1.105363e+03  9.829e-07  2.189141e+00 -1.825499e-01  1.000000e+00  0.000e+00  0.000e+00  1.000e+01  3.714220e-01 -2.420435e-01  8.963597e-01 -3.679521e+00  2.196739e+00  <samplecontainer>  <PE>  <BSE> 
    386      40  1.260869e+00  1.260869e+00  2.628e-05 -2.549510e-01 -3.109409e+00  1.000000e+00  8.017e-01 -1.350e+00 -2.813e+00  4.106635e-01 -2.775737e-01  8.685093e-01 -2.813075e+00  6.778270e+00  <LogSample>  <DielIoni>  <SE> 
    386      42  1.001710e+00  1.001710e+00  3.833e-05 -2.852887e+00 -4.185356e+00  1.000000e+00 -9.133e-01 -1.598e+00 -2.974e+00  1.045926e-02  4.560166e-01  8.899098e-01 -5.028344e+00  5.782344e+00  <LogSample>  <DielIoni>  <SE> 
    389       5  8.020237e+00  8.020237e+00  1.916e-06 -2.295172e+00 -4.495566e-02  1.000000e+00 -3.305e+00  1.389e+00 -7.042e-01  5.584800e-01 -5.580965e-01  6.137005e-01 -7.042279e-01  3.585529e+00  <LogSample>  <DielIoni>  <SE> 
    389      56  5.501427e+00  5.501427e+00  8.410e-06 -3.459555e+00  1.469730e+00  1.000000e+00 -3.579e+00  1.295e+00 -9.302e-01  6.820906e-02 -1.990011e-01  9.776227e-01 -1.171622e+00  4.916717e+00  <LogSample>  <DielIoni>  <SE> 
    389      60  7.994300e+00  7.994300e+00  1.477e-06 -4.510355e-01  1.216594e+00  1.000000e+00 -4.270e-01  6.199e-01 -4.365e-01 -1.730776e-02  4.293947e-01  9.029511e-01 -4.364562e-01  1.297510e+00  <LogSample>  <DielIoni>  <SE> 
    390       1  1.176290e+03  1.176290e+03  8.536e-07  3.578219e+00 -1.138439e-01  1.000000e+00  0.000e+00  0.000e+00  1.000e+01  7.027845e-01 -2.339513e-02  7.110180e-01 -2.546422e+00  3.580030e+00  <samplecontainer>  <PE>  <BSE> 
    391      56  1.312637e+00  1.312637e+00  2.765e-05  5.140129e+00  2.850268e+00  1.000000e+00  8.959e+00  2.498e+00 -5.574e+00 -2.659558e-01 -3.876355e-01  8.826133e-01 -5.574493e+00  9.394224e+00  <LogSample>  <DielIoni>  <SE> 
    397       2  2.559365e+00  2.559365e+00  6.192e-06 -1.053153e+00 -1.734535e+00  1.000000e+00 -3.097e-01 -8.210e-01 -2.360e+00  1.283936e-01 -4.779393e-01  8.689586e-01 -2.359760e+00  2.029223e+00  <LogSample>  <DielIoni>  <SE> 
    398       2  4.338639e+00  4.338639e+00  1.030e-05  4.208785e-01  2.877119e+00  1.000000e+00  6.732e-01  2.026e+00 -4.755e-01 -5.296471e-01  7.590681e-02  8.448149e-01 -1.228256e+00  2.995478e+00  <LogSample>  <DielIoni>  <SE> 
    399       8  7.062652e+00  7.062652e+00  6.954e-06 -4.351025e-01  1.374913e-01  1.000000e+00  8.746e-01  1.521e-01 -3.722e+00 -5.213308e-01  2.392077e-01  8.191421e-01 -3.722117e+00  1.195221e+00  <LogSample>  <DielIoni>  <SE> 
    399       4  4.316003e+00  4.316003e+00  1.975e-05 -2.232047e+00  1.462694e+00  1.000000e+00 -7.946e-03  9.082e-03 -7.592e-01 -3.412071e-01  5.869930e-01  7.341777e-01 -2.236257e+00  2.668615e+00  <LogSample>  <DielIoni>  <SE> 
    399       3  5.265748e+00  5.265748e+00  3.377e-06  3.812513e-01 -3.663205e-01  1.000000e+00 -5.769e-03  1.101e-02 -7.199e-01  3.845329e-01 -3.971314e-01  8.333194e-01 -1.010549e+00  5.986889e-01  <LogSample>  <DielIoni>  <SE> 
    400      64  6.978773e+00  6.978773e+00  4.360e-06  5.388071e-01  6.258472e-02  1.000000e+00  1.428e+00  5.899e-01 -1.769e+00  1.060673e-01 -6.882691e-01  7.176596e-01 -1.769258e+00  1.545266e+00  <LogSample>  <DielIoni>  <SE> 
    400      66  5.869908e+00  5.869908e+00  2.754e-06 -8.349064e-01 -1.509047e+00  1.000000e+00  4.941e-01 -4.969e-01 -8.312e-01 -4.643676e-01 -5.813905e-01  6.680927e-01 -8.311518e-01  1.724613e+00  <LogSample>  <DielIoni>  <SE> 
    401       1  6.483773e+02  6.483773e+02  1.700e-06  4.180609e+00  8.163739e+00  1.000000e+00  0.000e+00  0.000e+00  1.000e+01  4.488018e-01  2.802133e-01  8.485620e-01 -6.755119e+00  9.171920e+00  <samplecontainer>  <PE>  <BSE> 
    401      31  6.914005e+00  6.914005e+00  8.175e-06 -1.434374e+00  8.111724e+00  1.000000e+00  9.403e-01  5.975e+00 -1.688e+00 -8.036331e-01  3.506540e-01  4.808488e-01 -1.688064e+00  8.237566e+00  <LogSample>  <DielIoni>  <SE> 
    404       1  2.098889e+02  2.098889e+02  3.066e-06  2.435375e+01 -1.508740e+01  1.000000e+00  0.000e+00  0.000e+00  1.000e+01 -8.158290e-02 -7.833904e-01  6.161524e-01 -5.528969e+00  2.926965e+01  <samplecontainer>  <PE>  <BSE> 
    404      26  8.950074e+00  8.950074e+00  6.934e-06  2.464623e+01 -1.032296e+01  1.000000e+00  2.455e+01 -1.215e+01 -1.062e+00  3.132316e-01  8.488651e-01  4.258098e-01 -1.336835e+00  2.743822e+01  <LogSample>  <DielIoni>  <SE> 
    406       1  9.803250e+02  9.803250e+02  1.167e-06  4.866214e+00  3.270266e+00  1.000000e+00  0.000e+00  0.000e+00  1.000e+01  6.273951e-01  4.789841e-01  6.139623e-01 -3.371556e+00  5.862993e+00  <samplecontainer>  <PE>  <BSE> 
    406       9  2.475617e+00  2.475617e+00  1.331e-05  7.349247e+00  3.829163e+00  1.000000e+00  3.169e+00  1.984e+00 -6.562e-01  4.580803e-02  8.289989e-01  5.573710e-01 -1.588803e+00  8.286973e+00  <LogSample>  <DielIoni>  <SE> 
    406      14  4.474787e+00  4.474787e+00  1.060e-05  4.201512e+00  2.316709e+00  1.000000e+00  3.929e+00  2.049e+00 -1.374e+00  1.815494e-01 -9.203934e-01  3.462887e-01 -2.051635e+00  6.516177e+00  <LogSample>  <DielIoni>  <SE> 
    407       7  2.910385e+00  2.910385e+00  4.729e-05 -6.248122e+00  2.342868e-01  1.000000e+00 -9.496e-01  1.940e+00 -4.291e+00 -6.857410e-01 -1.829997e-01  7.044646e-01 -6.554370e+00  6.639984e+00  <LogSample>  <DielIoni>  <SE> 
    409       4  9.018996e+00  9.018996e+00  1.142e-05 -1.331069e+00 -5.889053e-01  1.000000e+00  4.949e-01 -8.315e-01 -4.918e+00 -9.960251e-02  8.757330e-01  4.724099e-01 -4.918464e+00  2.769035e+00  <LogSample>  <DielIoni>  <SE> 
    411       1  4.134690e+02  4.134690e+02  2.167e-06 -7.096359e+00 -5.169703e+00  1.000000e+00  0.000e+00  0.000e+00  1.000e+01  8.684626e-02 -8.542240e-02  9.925526e-01 -1.111279e+01  9.029835e+00  <samplecontainer>  <PE>  <BSE> 
    411      16  2.759362e+00  2.759362e+00  1.304e-05 -7.889608e+00 -4.339006e+00  1.000000e+00 -7.481e+00 -5.057e+00 -2.749e+00 -4.387343e-01  3.369625e-02  8.979849e-01 -2.748874e+00  1.053931e+01  <LogSample>  <DielIoni>  <SE> 
    415      65  5.742506e+00  5.742506e+00  4.338e-06  6.191714e-01  4.697422e-01  1.000000e+00  5.488e-01 -1.863e-01 -1.680e+00  4.739761e-01 -3.262415e-02  8.799331e-01 -1.757059e+00  9.178385e-01  <LogSample>  <DielIoni>  <SE> 
    418       1  4.610983e+02  4.610983e+02  3.561e-06 -1.941479e+01 -2.583662e+00  1.000000e+00  0.000e+00  0.000e+00  1.000e+01 -1.093886e-01 -1.959164e-01  9.745003e-01 -1.487134e+01  2.193088e+01  <samplecontainer>  <PE>  <BSE> 
    418      33  3.545466e+00  3.545466e+00  8.838e-06 -1.650760e+01 -1.887189e+00  1.000000e+00 -1.920e+01 -2.190e+00 -1.706e+00  5.538752e-01 -2.683056e-01  7.881843e-01 -2.572657e+00  1.934423e+01  <LogSample>  <DielIoni>  <SE> 
    419       3  5.255253e+00  5.255253e+00  6.927e-06 -2.185439e+00 -3.036398e+00  1.000000e+00 -1.235e-02 -1.853e-02 -2.480e+00 -9.956130e-02 -9.262235e-01  3.635899e-01 -2.974983e+00  3.741103e+00  <LogSample>  <DielIoni>  <SE> 
    421       1  4.785143e+02  4.785143e+02  3.867e-06  2.946914e+01  3.118032e+01  1.000000e+00  0.000e+00  0.000e+00  1.000e+01  7.576038e-01  6.471074e-01  8.537234e-02 -1.007592e+01  4.290271e+01  <samplecontainer>  <PE>  <BSE> 
    422       1  9.596079e+02  9.596079e+02  1.897e-06 -4.579950e+00 -1.769612e+01  1.000000e+00  0.000e+00  0.000e+00  1.000e+01  5.305548e-01 -8.173617e-01  2.245693e-01 -4.359349e+00  1.827918e+01  <samplecontainer>  <PE>  <BSE> 
    425       1  1.249912e+03  1.249912e+03  5.489e-07 -4.453859e-01  7.534205e-01  1.000000e+00  0.000e+00  0.000e+00  1.000e+01 -3.193164e-01  5.329162e-01  7.836054e-01 -9.374236e-02  8.752205e-01  <samplecontainer>  <PE>  <BSE> 
    427      32  1.054150e+01  1.054150e+01  6.215e-06 -4.603603e+00 -1.667385e+00  1.000000e+00 -2.759e+00 -1.389e+00 -2.271e+00 -3.112405e-01  7.019038e-02  9.477356e-01 -2.270876e+00  4.896257e+00  <LogSample>  <DielIoni>  <SE> 
    427      60  5.757901e+00  5.757901e+00  1.137e-05 -9.911545e-01  5.428701e+00  1.000000e+00 -1.444e+00  3.038e+00 -5.225e+00 -6.232063e-01  3.478083e-01  7.004593e-01 -5.225090e+00  5.518440e+00  <LogSample>  <DielIoni>  <SE> 
    427       2  2.363220e+01  2.363220e+01  1.456e-06 -1.565536e+00 -7.501746e-01  1.000000e+00  0.000e+00  1.075e-02 -7.437e-01 -5.082348e-01 -2.392148e-01  8.273292e-01 -7.677643e-01  1.735991e+00  <LogSample>  <DielIoni>  <SE> 
    428      60  4.038984e+00  4.038984e+00  1.033e-05  2.081623e+00  2.789459e-01  1.000000e+00  6.523e-02  3.774e-01 -2.014e+00  8.625994e-03  1.785413e-02  9.998034e-01 -2.013735e+00  2.465286e+00  <LogSample>  <DielIoni>  <SE> 
    428       3  2.229785e+00  2.229785e+00  6.490e-06 -1.337723e+00 -3.148189e+00  1.000000e+00  1.777e-02  1.246e-02 -8.249e-01 -2.377288e-01 -7.269316e-01  6.442480e-01 -1.034085e+00  3.420613e+00  <LogSample>  <DielIoni>  <SE> 
    428      65  2.343637e+00  2.343637e+00  4.818e-06 -1.095239e+00 -2.126673e+00  1.000000e+00 -4.328e-01 -1.083e+00 -7.288e-01 -6.008313e-01 -5.723115e-01  5.580872e-01 -7.287515e-01  2.392131e+00  <LogSample>  <DielIoni>  <SE> 
    428       2  4.307395e+00  4.307395e+00  3.012e-06 -3.642815e-01 -1.934490e+00  1.000000e+00 -3.326e-04  9.800e-03 -3.662e-01 -5.254424e-02 -8.139312e-01  5.785803e-01 -8.745156e-01  1.968490e+00  <LogSample>  <DielIoni>  <SE> 
    429       2  1.819967e+01  1.819967e+01  1.336e-06  7.816843e-02  7.192373e-01  1.000000e+00  0.000e+00  1.020e-02 -1.926e-01  4.329600e-01  5.719182e-01  6.967461e-01 -1.926497e-01  7.234726e-01  <LogSample>  <DielIoni>  <SE> 
    432       1  1.072720e+03  1.072720e+03  1.559e-06  5.118250e+00  1.200901e+01  1.000000e+00  0.000e+00  0.000e+00  1.000e+01  2.647889e-01  5.555515e-01  7.881937e-01 -6.332460e+00  1.305423e+01  <samplecontainer>  <PE>  <BSE> 
    434       1  1.234870e+03  1.234870e+03  8.511e-07 -2.014196e+00  2.630031e+00  1.000000e+00  0.000e+00  0.000e+00  1.000e+01 -4.050907e-01  5.269189e-01  7.471667e-01 -2.770231e+00  3.312710e+00  <samplecontainer>  <PE>  <BSE> 
    435       1  9.551120e+02  9.551120e+02  2.109e-06  7.961299e-01 -1.334699e+01  1.000000e+00  0.000e+00  0.000e+00  1.000e+01  2.481314e-01 -4.757446e-01  8.438589e-01 -1.105630e+01  1.337071e+01  <samplecontainer>  <PE>  <BSE> 
    435      14  1.073725e+01  1.073725e+01  2.941e-06  4.221787e-01 -1.402517e+01  1.000000e+00  4.816e-01 -1.274e+01 -7.034e-02 -8.122281e-02 -7.687108e-01  6.344183e-01 -1.336017e-01  1.403152e+01  <LogSample>  <DielIoni>  <SE> 
    436      52  1.570345e+01  1.570345e+01  2.347e-06  1.196322e+00  2.268950e+00  1.000000e+00  9.923e-01  2.421e+00 -3.897e-01  2.728871e-01 -2.254369e-01  9.352598e-01 -3.897433e-01  2.694411e+00  <LogSample>  <DielIoni>  <SE> 
    436      42  1.512868e+00  1.512868e+00  1.773e-05 -3.282601e+00  1.455096e+00  1.000000e+00  3.789e-01  1.581e+00 -2.617e+00 -8.132785e-01  4.952528e-01  3.054549e-01 -2.617399e+00  3.590651e+00  <LogSample>  <DielIoni>  <SE> 
    438      37  1.215766e+01  1.215766e+01  6.214e-06  1.994594e+01  4.547262e+00  1.000000e+00  1.913e+01  4.581e+00 -1.640e+00  7.477243e-01  5.364501e-01  3.913178e-01 -1.639994e+00  2.045771e+01  <LogSample>  <DielIoni>  <SE> 
    438      41  4.283025e+00  4.283025e+00  7.698e-06  1.829046e+01  1.556592e+00  1.000000e+00  1.883e+01  5.697e+00 -1.667e+00 -1.068177e-01 -8.469532e-01  5.208265e-01 -1.666643e+00  1.967373e+01  <LogSample>  <DielIoni>  <SE> 
    446       1  9.961269e+02  9.961269e+02  1.902e-06  5.122640e+00 -2.893711e+00  1.000000e+00  0.000e+00  0.000e+00  1.000e+01 -6.142856e-01  3.492769e-01  7.075725e-01 -8.466628e+00  8.530120e+00  <samplecontainer>  <PE>  <BSE> 
    447       1  5.787831e+02  5.787831e+02  9.422e-07 -3.400162e+00 -1.707349e+00  1.000000e+00  0.000e+00  0.000e+00  1.000e+01 -4.144947e-01 -4.767644e-01  7.751708e-01 -1.394504e+00  3.804753e+00  <samplecontainer>  <PE>  <BSE> 
    447       3  3.113150e+00  3.113150e+00  3.149e-06  1.022744e+00  1.294083e+00  1.000000e+00 -4.579e-01  3.977e-01 -9.107e-01  7.453918e-01 -1.917691e-01  6.384478e-01 -9.162343e-01  1.649441e+00  <LogSample>  <DielIoni>  <SE> 
    447      36  1.918983e+00  1.918983e+00  3.269e-05  4.004044e+00 -1.008800e+01  1.000000e+00  2.980e+00 -3.424e+00 -2.536e+00  3.146726e-01  1.460905e-01  9.378906e-01 -4.570476e+00  1.093781e+01  <LogSample>  <DielIoni>  <SE> 
    447      12  2.491329e+00  2.491329e+00  1.079e-05  1.976981e+00 -1.637482e+00  1.000000e+00  2.095e+00 -2.187e+00 -3.166e+00 -9.235140e-02  3.390918e-01  9.362094e-01 -3.165842e+00  3.773824e+00  <LogSample>  <DielIoni>  <SE> 
    448       2  5.794329e+00  5.794329e+00  3.177e-06  2.174797e+00 -2.137804e+00  1.000000e+00  0.000e+00  1.040e-02 -3.897e-01  5.801388e-01 -6.751762e-01  4.556051e-01 -8.187234e-01  3.049582e+00  <LogSample>  <DielIoni>  <SE> 
    448      70  6.803974e+00  6.803974e+00  3.725e-06  7.533256e-01  9.176253e-01  1.000000e+00  6.756e-03 -3.563e-02 -5.229e-01 -2.534292e-01  4.386882e-01  8.621638e-01 -9.742994e-01  1.209020e+00  <LogSample>  <DielIoni>  <SE> 
    449       3  3.649312e+00  3.649312e+00  1.856e-05 -2.068006e+00  2.103759e+00  1.000000e+00  3.804e-03 -1.460e-02 -1.591e+00  5.767117e-01  5.586347e-01  5.960964e-01 -2.920596e+00  3.330771e+00  <LogSample>  <DielIoni>  <SE> 
    449       2  4.720822e+00  4.720822e+00  2.045e-06  9.357504e-01  1.732223e-01  1.000000e+00  0.000e+00  1.024e-02 -2.329e-01  7.576458e-01  2.260516e-01  6.122692e-01 -3.334825e-01  9.516484e-01  <LogSample>  <DielIoni>  <SE> 
    453       1  5.750469e+02  5.750469e+02  3.106e-06 -4.170009e+00  7.568326e+00  1.000000e+00  0.000e+00  0.000e+00  1.000e+01  1.406588e-01  3.836555e-01  9.127012e-01 -2.039415e+01  8.641096e+00  <samplecontainer>  <PE>  <BSE> 
    453       2  6.349879e+00  6.349879e+00  2.885e-06  1.122700e+00  1.160046e+00  1.000000e+00  2.849e-02 -2.880e-02 -1.063e+00  3.849061e-01  7.136639e-01  5.852617e-01 -1.063435e+00  1.614361e+00  <LogSample>  <DielIoni>  <SE> 
    457       1  5.597430e+02  5.597430e+02  2.488e-06  6.276523e+00 -2.102540e+01  1.000000e+00  0.000e+00  0.000e+00  1.000e+01  4.274937e-02 -7.309026e-01  6.811416e-01 -9.794691e+00  2.194225e+01  <samplecontainer>  <PE>  <BSE> 
    463       1  1.011093e+03  1.011093e+03  1.495e-06  3.015544e+00 -2.143641e-01  1.000000e+00  0.000e+00  0.000e+00  1.000e+01  9.285604e-02  5.180298e-01  8.503075e-01 -7.186117e+00  3.672308e+00  <samplecontainer>  <PE>  <BSE> 
    463       6  1.329156e+00  1.329156e+00  1.213e-04  2.815246e+00 -3.645618e+00  1.000000e+00  6.392e-01 -2.544e+00 -6.846e+00 -6.071696e-01 -4.019032e-01  6.854334e-01 -9.870246e+00  6.298153e+00  <LogSample>  <DielIoni>  <SE> 
    464       3  6.113297e-01  6.113297e-01  5.369e-06  5.720904e-01 -1.043316e+00  1.000000e+00 -7.861e-03  2.717e-02 -1.658e+00  4.103800e-01  3.664593e-02  9.111780e-01 -1.658168e+00  1.189872e+00  <LogSample>  <DielIoni>  <SE> 
    465       1  9.372897e+02  9.372897e+02  2.224e-06 -2.380212e+00 -2.802462e+00  1.000000e+00  0.000e+00  0.000e+00  1.000e+01 -7.027528e-01 -5.415013e-02  7.093703e-01 -1.157303e+01  6.714326e+00  <samplecontainer>  <PE>  <BSE> 
    465      13  2.247377e+01  2.247377e+01  2.923e-06 -1.444368e+00 -3.073483e+00  1.000000e+00 -9.021e-01 -2.688e+00 -5.038e-01 -5.728204e-01  2.823145e-01  7.695293e-01 -6.224731e-01  3.523487e+00  <LogSample>  <DielIoni>  <SE> 
    465      14  1.477553e+01  1.477553e+01  4.492e-06  5.929667e-01 -3.705920e+00  1.000000e+00 -5.009e-01 -3.314e+00 -5.398e-01  2.383345e-01 -3.087747e-01  9.207904e-01 -7.084112e-01  4.046545e+00  <LogSample>  <DielIoni>  <SE> 
    465       2  3.350296e+00  3.350296e+00  8.353e-06 -1.470624e+00 -2.042320e+00  1.000000e+00  0.000e+00  1.176e-02 -1.754e+00  3.291437e-01 -5.740745e-01  7.497352e-01 -1.754366e+00  2.541619e+00  <LogSample>  <DielIoni>  <SE> 
    466       1  5.843585e+02  5.843585e+02  2.324e-06  1.635915e+01 -8.225711e+00  1.000000e+00  0.000e+00  0.000e+00  1.000e+01  7.406917e-01 -3.323085e-01  5.839065e-01 -8.436008e+00  1.831077e+01  <samplecontainer>  <PE>  <BSE> 
    467       1  5.052071e+02  5.052071e+02  5.036e-06 -3.973195e+01  4.490827e+00  1.000000e+00  0.000e+00  0.000e+00  1.000e+01 -1.860790e-01  5.803757e-01  7.928043e-01 -2.072527e+01  3.998494e+01  <samplecontainer>  <PE>  <BSE> 
    473      30  2.762203e+00  2.762203e+00  6.533e-06 -1.806805e+00  5.753138e+00  1.000000e+00 -1.188e+00  5.017e+00 -1.571e+00 -1.857915e-01 -2.352957e-01  9.540008e-01 -1.571156e+00  6.317288e+00  <LogSample>  <DielIoni>  <SE> 
    473      23  5.822340e+00  5.822340e+00  1.072e-05 -2.045593e+00  1.962419e+00  1.000000e+00 -1.276e+00  3.176e+00 -2.268e+00 -1.386203e-01 -8.723766e-01  4.687681e-01 -2.267626e+00  4.449305e+00  <LogSample>  <DielIoni>  <SE> 
    477      23  4.918380e+00  4.918380e+00  1.945e-05  1.704913e+01  8.956873e+00  1.000000e+00  1.131e+01  5.828e+00 -1.761e+00 -1.683101e-01  4.560661e-01  8.738852e-01 -2.448996e+00  1.925872e+01  <LogSample>  <DielIoni>  <SE> 
    478       1  6.685092e+02  6.685092e+02  3.204e-06 -2.118519e+01 -5.727926e+00  1.000000e+00  0.000e+00  0.000e+00  1.000e+01 -1.824375e-02  4.673365e-01  8.838913e-01 -1.610035e+01  2.209075e+01  <samplecontainer>  <PE>  <BSE> 
    481       1  1.223234e+03  1.223234e+03  6.552e-07 -1.244121e+00 -1.487245e+00  1.000000e+00  0.000e+00  0.000e+00  1.000e+01 -4.867221e-01 -5.160891e-01  7.048075e-01 -8.233013e-01  1.939003e+00  <samplecontainer>  <PE>  <BSE> 
    483       1  3.463919e+01  3.463919e+01  4.890e-06  2.542575e+01  3.742006e+01  1.000000e+00  0.000e+00  0.000e+00  1.000e+01 -6.070591e-01 -5.730950e-01  5.504920e-01 -8.065676e+00  4.687023e+01  <samplecontainer>  <PE>  <SE> 
    483      40  1.008827e+01  1.008827e+01  5.357e-06  2.775160e+01  3.921261e+01  1.000000e+00  2.665e+01  3.856e+01 -1.939e-01  5.861788e-01  1.361482e-01  7.986602e-01 -2.218819e-01  4.803936e+01  <LogSample>  <DielIoni>  <SE> 
    483      20  4.069977e+00  4.069977e+00  8.648e-06  2.615921e+01  1.892697e+01  1.000000e+00  2.519e+01  1.764e+01 -1.756e+00 -2.108174e-01  8.660125e-01  4.534076e-01 -1.755865e+00  3.228830e+01  <LogSample>  <DielIoni>  <SE> 
    485       3  4.430867e+00  4.430867e+00  1.029e-05  6.216176e-01 -2.869573e+00  1.000000e+00 -9.797e-04  1.353e-02 -1.408e+00 -4.471403e-02  8.042017e-01  5.926721e-01 -2.005612e+00  4.473175e+00  <LogSample>  <DielIoni>  <SE> 
    486       1  3.485493e+02  3.485493e+02  2.537e-06  3.127131e+00  9.074574e+00  1.000000e+00  0.000e+00  0.000e+00  1.000e+01  4.229594e-01  4.058728e-01  8.101683e-01 -7.735629e+00  9.598273e+00  <samplecontainer>  <PE>  <BSE> 
    486      37  4.418426e+00  4.418426e+00  1.722e-05 -1.029726e+01  8.512084e-01  1.000000e+00 -7.345e+00  1.581e+00 -7.722e+00 -6.352824e-01 -1.407984e-01  7.593366e-01 -7.722103e+00  1.033238e+01  <LogSample>  <DielIoni>  <SE> 
    488      18  1.339623e+00  1.339623e+00  1.665e-05 -2.904531e+00  5.960470e+00  1.000000e+00 -2.195e+00  6.606e+00 -1.389e+00  4.598261e-01 -4.691738e-02  8.867687e-01 -1.470322e+00  7.479746e+00  <LogSample>  <DielIoni>  <SE> 
    488      11  6.896333e+00  6.896333e+00  5.894e-06  5.295434e-01  6.004725e+00  1.000000e+00 -8.808e-01  6.598e+00 -1.608e+00  3.882827e-01 -6.602775e-02  9.191718e-01 -1.608414e+00  6.656837e+00  <LogSample>  <DielIoni>  <SE> 
    488       5  8.317861e+00  8.317861e+00  7.205e-06 -8.537406e-01  5.605658e+00  1.000000e+00 -2.821e+00  4.628e+00 -1.230e+00  6.867078e-01  5.372246e-01  4.897164e-01 -1.535879e+00  6.650637e+00  <LogSample>  <DielIoni>  <SE> 
    488       2  1.425958e+02  1.425958e+02  1.342e-06  3.009693e-01 -4.036468e+00  1.000000e+00 -3.478e-01  3.382e-01 -3.920e-01  2.358711e-01 -9.387422e-01  2.512528e-01 -3.920265e-01  4.047673e+00  <LogSample>  <DielIoni>  <BSE> 
    488      63  4.413471e+00  4.413471e+00  7.603e-06 -2.159744e-01 -7.352435e-01  1.000000e+00 -6.681e-01 -1.796e-01 -5.002e-02 -4.035841e-01 -1.105902e-01  9.082344e-01 -1.401125e+00  1.243427e+00  <LogSample>  <DielIoni>  <SE> 
    491      42  1.386307e+00  1.386307e+00  2.071e-05  4.498948e-04  4.355757e+00  1.000000e+00  9.149e-01  1.508e+00 -7.200e+00  3.716995e-01 -1.276654e-01  9.195331e-01 -7.215201e+00  4.594730e+00  <LogSample>  <DielIoni>  <SE> 
    491      54  3.329426e+00  3.329426e+00  1.642e-05  3.322827e+00  4.082205e+00  1.000000e+00  1.208e+00  9.050e-01 -8.111e+00 -7.493105e-02 -3.869408e-01  9.190551e-01 -8.110969e+00  5.946541e+00  <LogSample>  <DielIoni>  <SE> 
    491      36  1.707129e+00  1.707129e+00  1.059e-04  1.483492e+00  1.035011e+01  1.000000e+00  1.226e+00  7.859e-01 -8.271e+00 -8.536334e-02  3.781953e-01  9.217817e-01 -8.876326e+00  1.191381e+01  <LogSample>  <DielIoni>  <SE> 
    491      61  2.297408e+00  2.297408e+00  4.081e-05  4.294914e-01  3.350108e+00  1.000000e+00  9.346e-01  6.713e-01 -7.971e+00  3.185514e-01 -6.877091e-01  6.523658e-01 -7.970674e+00  4.973977e+00  <LogSample>  <DielIoni>  <SE> 
    493       1  9.146198e+02  9.146198e+02  1.203e-06  8.938703e+00 -4.708578e+00  1.000000e+00  0.000e+00  0.000e+00  1.000e+01  8.279603e-01 -3.216269e-01  4.593885e-01 -2.984730e+00  1.010303e+01  <samplecontainer>  <PE>  <BSE> 
    495       1  8.611100e+02  8.611100e+02  9.535e-07  1.975859e+00 -1.667782e+00  1.000000e+00  0.000e+00  0.000e+00  1.000e+01  8.553960e-01 -2.753283e-01  4.387390e-01 -2.340651e+00  2.585637e+00  <samplecontainer>  <PE>  <BSE> 
    496       1  1.201373e+03  1.201373e+03  9.679e-07 -3.602187e+00  3.452953e+00  1.000000e+00  0.000e+00  0.000e+00  1.000e+01 -4.883529e-01  4.262640e-01  7.614528e-01 -2.918350e+00  4.989854e+00  <samplecontainer>  <PE>  <BSE> 
    499       1  1.072607e+03  1.072607e+03  1.381e-06  9.123170e+00  1.103923e+01  1.000000e+00  0.000e+00  0.000e+00  1.000e+01 -1.000667e-01  8.735594e-01  4.763198e-01 -1.435720e+00  1.432121e+01  <samplecontainer>  <PE>  <BSE> 
    499       8  3.549260e+00  3.549260e+00  1.019e-05  1.306507e+01  5.184951e+00  1.000000e+00  9.579e+00  6.432e+00 -1.436e+00  6.262218e-01  4.248715e-01  6.537052e-01 -1.936387e+00  1.405631e+01  <LogSample>  <DielIoni>  <SE> 
