EventID TrackID        Etotal          Ekin   Hit time             x             y             z    xOrigin    yOrigin    zOrigin   direction-x   direction-y   direction-z     Max Depth    Max Radius  Logical Volume         Process        Category 
    (-)     (-)          (eV)          (eV)       (ns)          (nm)          (nm)          (nm)       (nm)       (nm)       (nm)           (-)           (-)           (-)          (nm)          (nm) 
      3       1  5.553781e+02  5.553781e+02  2.129e-06 -2.294071e+01  1.112278e+00  1.000000e+00  0.000e+00  0.000e+00  1.000e+01 -5.448127e-01 -5.219176e-02  8.369320e-01 -5.218586e+00  2.296766e+01  <samplecontainer>  <PE>  <BSE> 
      3       5  3.322142e+00  3.322142e+00  1.332e-05 -5.165763e+00 -1.115473e+00  1.000000e+00 -8.552e-01  1.114e+00 -2.345e+00 -4.540915e-01  1.790359e-01  8.727812e-01 -2.910617e+00  5.284826e+00  <LogSample>  <DielIoni>  <SE> 
      3      33  1.134248e+01  1.134248e+01  3.505e-06  9.355318e-01  1.367773e+00  1.000000e+00  4.045e-02  6.622e-01 -1.959e+00  3.377144e-01 -2.838882e-01  8.974166e-01 -1.959137e+00  1.866709e+00  <LogSample>  <DielIoni>  <SE> 
      4      64  5.883553e+00  5.883553e+00  2.406e-06  6.824892e-01 -6.423389e-01  1.000000e+00  2.262e-02  9.399e-04 -1.386e-01  9.826333e-02  8.386279e-02  9.916206e-01 -7.808985e-01  9.372250e-01  <LogSample>  <DielIoni>  <SE> 
      7       1  4.992278e+00  4.992278e+00  6.699e-06 -2.243961e+01 -6.709611e+00  1.000000e+00  0.000e+00  0.000e+00  1.000e+01 -2.837291e-01  5.256306e-01  8.020039e-01 -7.510031e+00  2.422765e+01  <samplecontainer>  <PE>  <SE> 
      7      38  2.984118e+00  2.984118e+00  5.822e-06 -2.234868e+01 -6.963675e+00  1.000000e+00 -2.222e+01 -7.864e+00 -8.644e-01 -1.379678e-01  4.239034e-01  8.951373e-01 -1.573778e+00  2.356636e+01  <LogSample>  <DielIoni>  <SE> 
      7      33  1.028359e+01  1.028359e+01  4.994e-06 -2.080975e+01 -6.730749e+00  1.000000e+00 -2.084e+01 -7.570e+00 -1.395e+00  1.863862e-01 -3.959211e-01  8.991700e-01 -1.394896e+00  2.235976e+01  <LogSample>  <DielIoni>  <SE> 
      7      20  1.464440e+00  1.464440e+00  2.607e-05 -8.784519e+00 -3.809238e+00  1.000000e+00 -1.257e+01 -6.033e+00 -5.006e+00  3.624107e-01 -4.463703e-01  8.181761e-01 -5.005981e+00  1.393958e+01  <LogSample>  <DielIoni>  <SE> 
     10       6  6.327774e+00  6.327774e+00  4.789e-06 -1.450962e+00  2.179687e+00  1.000000e+00 -5.270e-02  1.933e-01 -2.370e+00 -6.297506e-01  1.533787e-01  7.615045e-01 -2.369727e+00  2.618459e+00  <LogSample>  <DielIoni>  <SE> 
     10      65  2.021754e+01  2.021754e+01  2.387e-06  1.264022e+00 -5.112885e-01  1.000000e+00  4.894e-01 -2.840e-01 -1.021e+00 -2.280387e-02 -2.103589e-01  9.773582e-01 -1.020713e+00  1.363513e+00  <LogSample>  <DielIoni>  <SE> 
     10       3  2.333934e+00  2.333934e+00  6.084e-06 -3.017397e-01 -1.972745e+00  1.000000e+00  1.225e-02 -8.115e-02 -1.297e+00 -7.909118e-02 -4.460342e-01  8.915145e-01 -1.446171e+00  1.995688e+00  <LogSample>  <DielIoni>  <SE> 
     11      42  1.189404e+00  1.189404e+00  4.445e-05 -1.029934e+01  1.894225e+01  1.000000e+00 -9.719e+00  2.022e+01 -8.751e+00  4.199374e-01 -5.366967e-02  9.059648e-01 -9.610644e+00  2.366064e+01  <LogSample>  <DielIoni>  <SE> 
     14      67  3.314956e+00  3.314956e+00  2.652e-06 -2.632771e-01 -1.093513e+00  1.000000e+00  1.470e-01 -5.079e-01 -9.639e-01 -1.811266e-01 -5.638907e-01  8.057422e-01 -9.639433e-01  1.124760e+00  <LogSample>  <DielIoni>  <SE> 
     16       1  1.202360e+03  1.202360e+03  7.466e-07  1.303632e+00 -1.735586e+00  1.000000e+00  0.000e+00  0.000e+00  1.000e+01  2.705797e-01 -5.408234e-01  7.964274e-01 -1.712060e+00  2.170648e+00  <samplecontainer>  <PE>  <BSE> 
     17       1  1.181541e+03  1.181541e+03  6.823e-07 -8.985214e-01 -5.927938e-01  1.000000e+00  0.000e+00  0.000e+00  1.000e+01  1.267753e-01 -3.809541e-02  9.911997e-01 -1.174725e+00  1.209609e+00  <samplecontainer>  <PE>  <BSE> 
     18       2  6.386157e+00  6.386157e+00  1.653e-06 -2.317238e-01 -5.211700e-02  1.000000e+00  4.032e-03  1.036e-02 -7.576e-01 -3.327805e-01 -3.690377e-01  8.677951e-01 -7.576163e-01  4.792826e-01  <LogSample>  <DielIoni>  <SE> 
     19       1  3.747876e+02  3.747876e+02  2.057e-06  5.932546e+00 -2.907565e+00  1.000000e+00  0.000e+00  0.000e+00  1.000e+01 -2.080215e-01  6.481562e-01  7.325439e-01 -5.213534e+00  8.688950e+00  <samplecontainer>  <PE>  <BSE> 
     19      16  5.761098e+00  5.761098e+00  7.133e-06  5.136488e+00 -3.518370e+00  1.000000e+00  5.382e+00 -6.051e+00 -9.714e-01 -1.364369e-01  1.703656e-01  9.758896e-01 -9.713848e-01  8.097894e+00  <LogSample>  <DielIoni>  <SE> 
     21       1  7.563070e+02  7.563070e+02  2.856e-06  5.988128e-01 -1.021014e+00  1.000000e+00  0.000e+00  0.000e+00  1.000e+01 -7.689564e-01 -6.402867e-02  6.360868e-01 -1.616217e+01  8.212513e+00  <samplecontainer>  <PE>  <BSE> 
     22       1  1.212800e+03  1.212800e+03  8.884e-07  4.006940e+00  7.305287e+00  1.000000e+00  0.000e+00  0.000e+00  1.000e+01  5.020491e-01  8.445986e-01  1.860107e-01 -7.651502e-02  8.332033e+00  <samplecontainer>  <PE>  <BSE> 
     22       3  1.996261e+00  1.996261e+00  3.641e-06  1.221540e+00  3.744331e+00  1.000000e+00  1.063e+00  2.298e+00 -7.652e-02 -3.809373e-02  8.560925e-01  5.154169e-01 -4.680435e-01  3.938550e+00  <LogSample>  <DielIoni>  <SE> 
     24       1  1.087493e+03  1.087493e+03  9.420e-07 -7.888252e+00 -1.385262e+00  1.000000e+00  0.000e+00  0.000e+00  1.000e+01 -9.542083e-01 -2.589541e-01  1.497640e-01 -6.582245e-01  8.008962e+00  <samplecontainer>  <PE>  <BSE> 
     24       3  4.965818e+01  4.965818e+01  8.892e-07 -1.722627e-01  8.538952e-01  1.000000e+00 -8.419e-01  6.138e-01 -1.966e-01  4.892313e-01  1.754161e-01  8.543313e-01 -1.966487e-01  1.041889e+00  <LogSample>  <DielIoni>  <SE> 
     31       5  2.506589e+00  2.506589e+00  8.397e-06 -1.184372e+00  1.726538e+00  1.000000e+00 -2.555e-01  2.706e-01 -2.742e+00 -6.701479e-01 -3.587887e-02  7.413599e-01 -2.742934e+00  2.093722e+00  <LogSample>  <DielIoni>  <SE> 
     34       1  7.616087e+02  7.616087e+02  3.715e-06  8.521575e+00  7.611390e+00  1.000000e+00  0.000e+00  0.000e+00  1.000e+01  4.405027e-01  6.018568e-01  6.661274e-01 -1.960671e+01  1.284088e+01  <samplecontainer>  <PE>  <BSE> 
     36       3  4.356772e+00  4.356772e+00  9.496e-06  3.911579e+00  3.153099e+00  1.000000e+00  5.206e-01 -1.761e-01 -3.970e+00  7.493580e-01  5.615286e-01  3.509249e-01 -3.969951e+00  5.024190e+00  <LogSample>  <DielIoni>  <SE> 
     40       1  1.002794e+03  1.002794e+03  1.720e-06  8.749567e+00  8.263749e+00  1.000000e+00  0.000e+00  0.000e+00  1.000e+01  3.553321e-01  2.740471e-01  8.936651e-01 -7.885251e+00  1.203514e+01  <samplecontainer>  <PE>  <BSE> 
     45       1  3.800116e+02  3.800116e+02  1.448e-06  4.004260e+00 -5.299433e+00  1.000000e+00  0.000e+00  0.000e+00  1.000e+01  1.424728e-01  4.274970e-01  8.927193e-01 -2.257934e+00  7.225291e+00  <samplecontainer>  <PE>  <BSE> 
     45       3  5.131545e+02  5.131545e+02  1.041e-06 -2.555189e+00  3.969564e+00  1.000000e+00  0.000e+00  1.023e-02 -2.224e-01 -7.122569e-01  2.260711e-01  6.645163e-01 -1.801972e+00  4.720851e+00  <LogSample>  <DielIoni>  <BSE> 
     45      16  2.594412e+01  2.594412e+01  1.052e-06  9.962384e-01 -3.339436e-01  1.000000e+00  8.651e-02 -2.799e-01 -4.327e-02  6.608775e-01 -3.928724e-02  7.494648e-01 -4.326914e-02  1.050718e+00  <LogSample>  <DielIoni>  <SE> 
     49       1  9.456622e+02  9.456622e+02  1.928e-06  1.583416e+01  2.696176e+00  1.000000e+00  0.000e+00  0.000e+00  1.000e+01  4.655281e-01 -7.078727e-01  5.312249e-01 -6.530058e+00  1.606206e+01  <samplecontainer>  <PE>  <BSE> 
     51       1  1.249905e+03  1.249905e+03  5.477e-07 -1.255247e-01  4.756827e-01  1.000000e+00  0.000e+00  0.000e+00  1.000e+01 -9.817240e-02  3.640564e-01  9.261885e-01 -1.853198e-01  4.919659e-01  <samplecontainer>  <PE>  <BSE> 
     52       1  1.042331e+03  1.042331e+03  1.028e-06 -5.444888e+00  1.608179e+00  1.000000e+00  0.000e+00  0.000e+00  1.000e+01 -7.295164e-01  2.296885e-02  6.835775e-01 -3.023691e+00  5.677415e+00  <samplecontainer>  <PE>  <BSE> 
     52      10  2.397967e+00  2.397967e+00  5.834e-06 -7.307419e-01 -8.899814e-01  1.000000e+00 -1.043e+00  6.202e-02 -9.624e-01  5.428285e-01  9.240222e-02  8.347449e-01 -1.125417e+00  1.838576e+00  <LogSample>  <DielIoni>  <SE> 
     53       1  9.764237e+02  9.764237e+02  1.232e-06  1.937366e+00  5.379842e+00  1.000000e+00  0.000e+00  0.000e+00  1.000e+01  2.059669e-01  5.537671e-01  8.067959e-01 -5.005158e+00  5.718050e+00  <samplecontainer>  <PE>  <BSE> 
     53       9  5.514061e+00  5.514061e+00  2.643e-06  2.333200e+00  4.796998e+00  1.000000e+00  1.598e+00  4.378e+00 -4.250e-01  7.302195e-01  3.110172e-02  6.825043e-01 -5.316544e-01  5.334324e+00  <LogSample>  <DielIoni>  <SE> 
     56      61  4.377076e+00  4.377076e+00  7.378e-06  7.990642e-01  5.554904e-01  1.000000e+00  3.807e-01 -2.974e-01 -2.040e+00 -4.299131e-01 -4.300786e-01  7.938559e-01 -2.039559e+00  1.955100e+00  <LogSample>  <DielIoni>  <SE> 
     57      13  1.972431e+00  1.972431e+00  5.477e-05 -4.721758e+00  1.653815e+00  1.000000e+00 -5.106e+00  4.998e+00 -8.068e+00 -3.024305e-03 -3.932819e-01  9.194130e-01 -8.067748e+00  7.809456e+00  <LogSample>  <DielIoni>  <SE> 
     57       3  5.527382e+00  5.527382e+00  2.524e-05 -4.255358e+00 -1.717853e+00  1.000000e+00 -1.182e-01 -5.254e-01 -2.988e+00 -2.915046e-01  2.715363e-01  9.172203e-01 -3.604784e+00  4.589018e+00  <LogSample>  <DielIoni>  <SE> 
     59       8  4.441265e+00  4.441265e+00  9.968e-06  6.244077e-01  3.089390e+00  1.000000e+00 -8.192e-01  3.424e+00 -2.304e+00  3.056635e-01  4.721316e-01  8.268383e-01 -2.638809e+00  3.520953e+00  <LogSample>  <DielIoni>  <SE> 
     59       7  5.657506e+02  5.657506e+02  1.395e-06 -4.634000e+00  7.270745e+00  1.000000e+00 -1.081e+00  3.004e+00 -2.365e+00  3.447720e-01 -4.795982e-01  8.069187e-01 -2.364678e+00  9.837682e+00  <LogSample>  <DielIoni>  <BSE> 
     59      25  5.847851e+00  5.847851e+00  3.635e-06 -5.721537e+00  8.454538e+00  1.000000e+00 -5.345e+00  8.259e+00 -6.744e-01 -2.058740e-01 -3.655186e-01  9.077511e-01 -1.241461e+00  1.057173e+01  <LogSample>  <DielIoni>  <SE> 
     59      24  1.061348e+00  1.061348e+00  1.739e-05 -1.098481e+01  8.972252e+00  1.000000e+00 -5.237e+00  8.152e+00 -7.909e-01 -1.488090e-01 -4.702269e-01  8.699095e-01 -1.898456e+00  1.451551e+01  <LogSample>  <DielIoni>  <SE> 
     59      23  1.907475e+01  1.907475e+01  2.876e-06 -4.684346e+00  8.921089e+00  1.000000e+00 -4.990e+00  7.725e+00 -9.751e-01 -1.656867e-01  2.711922e-01  9.481575e-01 -9.751102e-01  1.007616e+01  <LogSample>  <DielIoni>  <SE> 
     59      31  1.267574e+00  1.267574e+00  4.216e-06 -1.015899e+00  2.819379e+00  1.000000e+00 -1.098e+00  3.045e+00 -1.435e+00  5.668045e-02 -1.556869e-01  9.861790e-01 -1.435074e+00  3.236751e+00  <LogSample>  <DielIoni>  <SE> 
     61      40  2.549199e+00  2.549199e+00  4.583e-05  6.628335e+00  2.339438e+00  1.000000e+00  3.999e+00  4.137e+00 -6.510e+00  6.902833e-01  6.670907e-02  7.204574e-01 -6.608920e+00  7.736283e+00  <LogSample>  <DielIoni>  <SE> 
     65      71  8.875738e-01  8.875738e-01  1.414e-05  1.757394e+00  7.393744e-01  1.000000e+00  4.856e-01  6.944e-01 -2.663e+00  3.554163e-01 -8.646717e-02  9.307001e-01 -2.662748e+00  1.906596e+00  <LogSample>  <DielIoni>  <SE> 
     70      71  1.168565e+00  1.168565e+00  1.812e-05 -2.270192e+00  4.220364e-01  1.000000e+00 -4.829e-01 -7.616e-03 -3.305e+00 -3.914116e-01  1.623851e-02  9.200724e-01 -3.855952e+00  2.699726e+00  <LogSample>  <DielIoni>  <SE> 
     71      67  4.659762e-01  4.659762e-01  7.495e-05 -9.341401e+00 -6.344399e+00  1.000000e+00 -4.029e+00 -7.373e+00 -5.349e+00 -3.067533e-01 -4.480641e-01  8.397268e-01 -5.348887e+00  1.357948e+01  <LogSample>  <DielIoni>  <SE> 
     73      21  9.063005e-01  9.063005e-01  2.539e-05 -5.693079e+00  1.319989e+01  1.000000e+00 -1.172e+00  9.092e+00 -4.788e+00 -5.035334e-01  6.777688e-01  5.358017e-01 -5.371158e+00  1.437527e+01  <LogSample>  <DielIoni>  <SE> 
     74       2  2.717512e+00  2.717512e+00  1.155e-05 -1.816632e+00  2.922693e+00  1.000000e+00  0.000e+00  1.051e-02 -5.006e-01 -1.335710e-01  2.531694e-02  9.907158e-01 -1.761746e+00  4.402600e+00  <LogSample>  <DielIoni>  <SE> 
     74      63  6.506714e+00  6.506714e+00  8.758e-06  1.901776e+00  1.655529e+00  1.000000e+00  1.439e-01  2.445e-01 -9.408e-01 -8.340965e-02 -8.828066e-01  4.622719e-01 -1.500116e+00  4.593110e+00  <LogSample>  <DielIoni>  <SE> 
     74      62  1.164155e+01  1.164155e+01  1.829e-06  6.235993e-03  9.259976e-01  1.000000e+00 -2.059e-01  3.440e-01 -5.250e-01  5.337443e-01  1.310411e-01  8.354312e-01 -5.800792e-01  1.045236e+00  <LogSample>  <DielIoni>  <SE> 
     81       1  1.023328e+03  1.023328e+03  1.717e-06 -1.979757e+01  4.042843e-01  1.000000e+00  0.000e+00  0.000e+00  1.000e+01 -8.452490e-01  5.495932e-02  5.315388e-01 -3.798704e+00  1.980170e+01  <samplecontainer>  <PE>  <BSE> 
     81      11  4.794358e+00  4.794358e+00  2.665e-06 -1.791276e+01  2.437282e-01  1.000000e+00 -1.798e+01  2.861e-01 -1.460e-01  2.294484e-01  6.939944e-03  9.732961e-01 -2.680379e-01  1.818254e+01  <LogSample>  <DielIoni>  <SE> 
     81      12  2.383764e+00  2.383764e+00  8.466e-06 -1.534253e+01 -1.490759e+00  1.000000e+00 -1.686e+01  1.476e-01 -7.801e-01 -5.647215e-01 -5.480695e-02  8.234597e-01 -1.253682e+00  1.686509e+01  <LogSample>  <DielIoni>  <SE> 
     82       4  1.491884e+01  1.491884e+01  1.745e-06  6.830261e-01  7.021736e-01  1.000000e+00 -1.443e-03  1.085e-02 -2.868e-01  4.050376e-01 -8.965544e-02  9.098937e-01 -3.717765e-01  9.795777e-01  <LogSample>  <DielIoni>  <SE> 
     82      62  9.640549e+00  9.640549e+00  1.499e-06  5.001411e-01  9.950370e-01  1.000000e+00  1.304e-01  2.939e-01 -3.290e-01  1.413870e-01  5.593148e-01  8.168089e-01 -3.290002e-01  1.113660e+00  <LogSample>  <DielIoni>  <SE> 
     82      59  8.038336e+00  8.038336e+00  3.034e-06 -2.924195e+00 -2.068481e+00  1.000000e+00  4.680e-02  1.235e-02 -3.089e-01 -8.001848e-01 -5.330915e-01  2.748048e-01 -3.089291e-01  3.581833e+00  <LogSample>  <DielIoni>  <SE> 
     82      58  9.814583e+00  9.814583e+00  1.400e-06 -5.984953e-01  6.625908e-01  1.000000e+00 -4.591e-02 -1.073e-01 -3.399e-01 -2.206821e-01  3.560995e-01  9.080157e-01 -4.173763e-01  8.928735e-01  <LogSample>  <DielIoni>  <SE> 
     82      63  3.144312e+01  3.144312e+01  1.004e-06  2.674824e-01 -2.432114e-01  1.000000e+00  5.318e-02  3.133e-01 -1.598e-01  1.732511e-01 -4.181624e-01  8.916974e-01 -2.195021e-01  3.615226e-01  <LogSample>  <DielIoni>  <SE> 
     82       2  1.003531e+01  1.003531e+01  2.279e-06 -2.505323e-01 -3.322256e-01  1.000000e+00 -1.443e-03  1.085e-02 -2.868e-01 -4.103521e-01  5.519353e-01  7.259329e-01 -4.365556e-01  1.201644e+00  <LogSample>  <DielIoni>  <SE> 
     83      70  7.509341e+00  7.509341e+00  7.560e-06  3.888735e-01 -3.328547e+00  1.000000e+00  1.126e+00 -1.395e+00 -2.538e+00  8.190767e-03 -7.934410e-01  6.085921e-01 -2.538118e+00  3.351186e+00  <LogSample>  <DielIoni>  <SE> 
     84       2  2.720844e+00  2.720844e+00  3.087e-06  2.530749e-01  6.428307e-01  1.000000e+00  0.000e+00  1.088e-02 -8.779e-01  2.908317e-02  9.552268e-02  9.950023e-01 -8.779295e-01  9.435443e-01  <LogSample>  <DielIoni>  <SE> 
     88       4  3.032275e+00  3.032275e+00  2.524e-05  1.022562e+00  5.578029e+00  1.000000e+00 -1.952e-02  6.393e-03 -4.879e+00 -1.402582e-02  6.706108e-01  7.416768e-01 -4.879377e+00  5.670983e+00  <LogSample>  <DielIoni>  <SE> 
     89       2  3.438766e+00  3.438766e+00  2.346e-06  8.569212e-01 -1.352111e+00  1.000000e+00  0.000e+00  1.029e-02 -2.808e-01  3.782951e-01 -7.386966e-01  5.578711e-01 -3.466158e-01  1.600787e+00  <LogSample>  <DielIoni>  <SE> 
     91       3  2.892346e+00  2.892346e+00  2.408e-05  7.336943e-01 -2.861294e+00  1.000000e+00 -1.286e-01  4.911e-02 -1.917e+00 -2.581548e-01  7.166183e-01  6.479308e-01 -1.916916e+00  5.961943e+00  <LogSample>  <DielIoni>  <SE> 
     92       1  8.490890e+02  8.490890e+02  2.018e-06  3.348214e+00  1.516585e+01  1.000000e+00  0.000e+00  0.000e+00  1.000e+01 -3.615654e-01  2.200571e-01  9.060052e-01 -8.710351e+00  1.553105e+01  <samplecontainer>  <PE>  <BSE> 
     92      17  2.027274e+00  2.027274e+00  1.929e-05  9.496234e-01  6.487092e+00  1.000000e+00  3.031e+00  4.371e+00 -6.202e+00 -6.539332e-02 -5.990680e-03  9.978416e-01 -6.201518e+00  7.851230e+00  <LogSample>  <DielIoni>  <SE> 
     99      27  8.040762e-01  8.040762e-01  3.837e-05  1.449560e+01 -3.118362e+00  1.000000e+00  7.593e+00 -7.604e+00 -4.019e+00  8.847143e-01 -6.966948e-02  4.608978e-01 -5.271339e+00  1.482722e+01  <LogSample>  <DielIoni>  <SE> 
    100       1  3.099068e+02  3.099068e+02  3.508e-06 -2.178759e+00 -2.042980e+01  1.000000e+00  0.000e+00  0.000e+00  1.000e+01 -1.917405e-01  5.212609e-02  9.800604e-01 -1.409340e+01  2.057962e+01  <samplecontainer>  <PE>  <BSE> 
    100      27  4.662076e+00  4.662076e+00  9.058e-06 -3.520028e+00 -2.052121e+01  1.000000e+00 -1.974e+00 -2.024e+01 -4.255e-01  7.343640e-02  1.376532e-01  9.877544e-01 -7.982621e-01  2.119803e+01  <LogSample>  <DielIoni>  <SE> 
    108       1  9.305377e+02  9.305377e+02  1.904e-06 -2.077978e+00 -8.437337e+00  1.000000e+00  0.000e+00  0.000e+00  1.000e+01  5.607446e-01 -4.963082e-01  6.627546e-01 -6.940503e+00  1.053965e+01  <samplecontainer>  <PE>  <BSE> 
    113      18  1.324644e+00  1.324644e+00  8.626e-06  1.177521e+00 -2.189084e+01  1.000000e+00  2.255e+00 -2.368e+01 -1.553e+00  2.954187e-01  5.993654e-01  7.439684e-01 -1.552580e+00  2.378261e+01  <LogSample>  <DielIoni>  <SE> 
    113      17  1.158239e+01  1.158239e+01  6.158e-06  3.523957e+00 -1.969175e+01  1.000000e+00  2.385e+00 -2.375e+01 -1.520e+00  6.049233e-01  7.154169e-01  3.496378e-01 -1.520358e+00  2.387083e+01  <LogSample>  <DielIoni>  <SE> 
    113      56  3.805096e+00  3.805096e+00  2.011e-05  2.663568e+00 -2.411393e+01  1.000000e+00  2.611e+00 -2.343e+01 -1.806e+00  1.514574e-03  3.160685e-01  9.487352e-01 -2.997859e+00  2.593188e+01  <LogSample>  <DielIoni>  <SE> 
    113      55  4.829349e+00  4.829349e+00  6.311e-06  1.273960e+00 -2.261279e+01  1.000000e+00  2.618e+00 -2.387e+01 -1.499e+00 -6.289709e-01  2.947233e-01  7.193982e-01 -1.498601e+00  2.401123e+01  <LogSample>  <DielIoni>  <SE> 
    113       3  1.355689e+01  1.355689e+01  2.915e-06  2.394887e+00 -1.255556e+00  1.000000e+00  6.964e-02  3.991e-03 -9.496e-01  7.749862e-01 -8.411711e-02  6.263551e-01 -9.495929e-01  2.704054e+00  <LogSample>  <DielIoni>  <SE> 
    116      58  1.023623e+01  1.023623e+01  4.254e-06  2.306656e+00  1.782830e+00  1.000000e+00  1.764e-02 -5.283e-02 -1.531e+00  1.291283e-01  4.746770e-01  8.706363e-01 -1.822123e+00  2.915329e+00  <LogSample>  <DielIoni>  <SE> 
    116       4  1.885048e+00  1.885048e+00  5.467e-06  6.287129e-02 -1.691063e+00  1.000000e+00  6.073e-02 -8.234e-02 -1.501e+00  1.334021e-01  2.298706e-01  9.640350e-01 -1.521309e+00  2.027730e+00  <LogSample>  <DielIoni>  <SE> 
    116      66  2.978503e+00  2.978503e+00  1.016e-05  9.765997e-01 -6.003910e-01  1.000000e+00  8.716e-01  3.613e-01 -1.771e+00  6.841505e-02  6.785948e-01  7.313197e-01 -1.837608e+00  2.302557e+00  <LogSample>  <DielIoni>  <SE> 
    120       1  6.741218e+02  6.741218e+02  1.832e-06 -6.885663e-01 -3.759499e+00  1.000000e+00  0.000e+00  0.000e+00  1.000e+01  5.426600e-01 -3.022313e-01  7.836941e-01 -9.774927e+00  3.822036e+00  <samplecontainer>  <PE>  <BSE> 
    120       9  4.861799e+00  4.861799e+00  2.965e-06 -1.039198e+00 -2.631021e+00  1.000000e+00 -1.510e+00 -3.302e+00 -1.896e-01  4.837618e-01  2.548624e-01  8.372692e-01 -1.950145e-01  3.732769e+00  <LogSample>  <DielIoni>  <SE> 
    122       1  8.627198e+02  8.627198e+02  1.111e-06 -2.640203e+00 -3.377896e+00  1.000000e+00  0.000e+00  0.000e+00  1.000e+01 -5.770438e-01 -1.322295e-01  8.059378e-01 -3.967301e+00  4.287289e+00  <samplecontainer>  <PE>  <BSE> 
    122      16  1.846684e+00  1.846684e+00  1.266e-05 -1.245527e+00 -2.458474e+00  1.000000e+00  5.848e-01 -2.573e+00 -4.241e+00 -2.910220e-01  6.229774e-01  7.260891e-01 -4.241050e+00  4.090153e+00  <LogSample>  <DielIoni>  <SE> 
    123       1  2.996376e+02  2.996376e+02  2.715e-06 -1.122384e+01  6.308832e+00  1.000000e+00  0.000e+00  0.000e+00  1.000e+01  4.505186e-01 -5.393289e-01  7.114474e-01 -1.189175e+01  1.439424e+01  <samplecontainer>  <PE>  <BSE> 
    127       2  5.396770e+00  5.396770e+00  3.435e-06 -5.283187e-01  7.317150e-01  1.000000e+00 -2.308e-02 -1.153e-02 -1.378e+00 -7.676414e-01 -1.297572e-02  6.407482e-01 -1.377708e+00  1.225329e+00  <LogSample>  <DielIoni>  <SE> 
    131       1  4.939155e+02  4.939155e+02  1.895e-06  4.436199e-01 -2.279764e+00  1.000000e+00  0.000e+00  0.000e+00  1.000e+01 -4.225535e-01 -1.444591e-01  8.947514e-01 -6.045125e+00  3.167365e+00  <samplecontainer>  <PE>  <BSE> 
    131      22  2.677366e+00  2.677366e+00  3.712e-06 -1.555897e-01 -1.128835e+00  1.000000e+00  2.659e-02 -8.899e-01 -2.780e-01 -1.580266e-01 -2.072423e-01  9.654420e-01 -2.780363e-01  1.139507e+00  <LogSample>  <DielIoni>  <SE> 
    135      33  2.568812e+00  2.568812e+00  6.573e-06  1.702117e+01  1.380942e+01  1.000000e+00  1.657e+01  1.484e+01 -1.095e-01 -1.219784e-02 -5.093529e-01  8.604713e-01 -3.069672e-01  2.235072e+01  <LogSample>  <DielIoni>  <SE> 
    135      37  7.005805e+00  7.005805e+00  4.579e-06  1.515404e+01  1.352875e+01  1.000000e+00  1.574e+01  1.358e+01 -9.814e-01 -3.739449e-01  3.111966e-01  8.736829e-01 -9.813705e-01  2.079226e+01  <LogSample>  <DielIoni>  <SE> 
    135      23  4.210456e+00  4.210456e+00  6.932e-06  1.509807e+01  1.803784e+01  1.000000e+00  1.555e+01  1.419e+01 -1.518e+00  1.805626e-02  8.902417e-01  4.551304e-01 -1.517903e+00  2.352266e+01  <LogSample>  <DielIoni>  <SE> 
    137       1  8.547177e+02  8.547177e+02  2.336e-06 -1.951491e+01  4.752140e+00  1.000000e+00  0.000e+00  0.000e+00  1.000e+01  4.020156e-01  2.435896e-01  8.826367e-01 -7.435941e+00  2.162906e+01  <samplecontainer>  <PE>  <BSE> 
    138       2  5.188844e+00  5.188844e+00  4.752e-06 -9.890175e-01 -2.357306e+00  1.000000e+00  0.000e+00  1.085e-02 -8.449e-01 -8.561436e-01 -2.721279e-02  5.160209e-01 -8.449130e-01  2.556374e+00  <LogSample>  <DielIoni>  <SE> 
    142       1  7.645895e+02  7.645895e+02  2.057e-06 -9.854816e+00  1.054611e+01  1.000000e+00  0.000e+00  0.000e+00  1.000e+01 -3.898494e-01  8.800288e-01  2.712319e-01 -8.947830e+00  1.443391e+01  <samplecontainer>  <PE>  <BSE> 
    143      59  7.277093e+00  7.277093e+00  9.141e-06 -2.363069e-01  2.007685e+00  1.000000e+00 -5.748e-01  1.037e+00 -1.031e+00 -3.600855e-01 -4.660325e-01  8.081783e-01 -1.097036e+00  3.018519e+00  <LogSample>  <DielIoni>  <SE> 
    143      62  1.463644e+00  1.463644e+00  9.305e-06  1.876880e+00 -1.054871e-01  1.000000e+00  1.464e-01  3.266e-01 -1.882e+00  6.797814e-01 -6.091016e-02  7.308811e-01 -1.882432e+00  2.182023e+00  <LogSample>  <DielIoni>  <SE> 
    145      10  6.337745e+00  6.337745e+00  2.823e-06 -3.582026e+00 -3.920809e+00  1.000000e+00 -1.897e+00 -2.561e+00 -1.779e+00 -6.098137e-01 -4.920852e-01  6.212724e-01 -1.779069e+00  5.310712e+00  <LogSample>  <DielIoni>  <SE> 
    145      28  3.051918e-01  3.051918e-01  1.064e-05 -7.967990e-01 -1.583746e+00  1.000000e+00 -1.985e+00  3.438e-01 -6.950e-01  6.293605e-01 -6.874326e-01  3.624110e-01 -9.412657e-01  2.657741e+00  <LogSample>  <DielIoni>  <SE> 
    145      32  4.671928e+00  4.671928e+00  8.105e-06 -9.681881e-01  2.954341e-01  1.000000e+00 -4.369e-01  1.783e-01 -1.039e+00 -4.927209e-01  3.022887e-01  8.159949e-01 -1.459562e+00  1.012260e+00  <LogSample>  <DielIoni>  <SE> 
    145       2  2.592304e+02  2.592304e+02  1.057e-06  2.503516e+00 -5.945624e-01  1.000000e+00  0.000e+00  1.022e-02 -2.106e-01  7.451979e-01  2.493001e-01  6.184897e-01 -1.277021e+00  2.573149e+00  <LogSample>  <DielIoni>  <BSE> 
    145      43  3.052627e+01  3.052627e+01  1.835e-06  1.992186e+00 -2.730293e+00  1.000000e+00  1.532e+00 -1.636e+00 -3.031e-01  3.877546e-01 -6.455137e-01  6.579958e-01 -5.363318e-01  3.379838e+00  <LogSample>  <DielIoni>  <SE> 
    145      41  2.318002e+00  2.318002e+00  5.134e-06  1.365570e+00  3.599285e-01  1.000000e+00  1.308e+00 -1.553e+00 -5.143e-01  7.139758e-02  8.634828e-01  4.992993e-01 -8.158040e-01  2.091172e+00  <LogSample>  <DielIoni>  <SE> 
    147       1  1.197562e+03  1.197562e+03  8.630e-07 -6.439558e-01  2.331542e+00  1.000000e+00  0.000e+00  0.000e+00  1.000e+01  3.253170e-02  5.528441e-01  8.326495e-01 -3.162690e+00  2.418836e+00  <samplecontainer>  <PE>  <BSE> 
    148       1  1.092912e+03  1.092912e+03  1.546e-06 -8.017973e+00 -1.270145e+01  1.000000e+00  0.000e+00  0.000e+00  1.000e+01 -9.588541e-02 -9.650356e-01  2.439515e-01 -2.511097e+00  1.502048e+01  <samplecontainer>  <PE>  <BSE> 
    149      73  9.041929e-01  9.041929e-01  1.913e-05  1.947049e+00 -1.952353e+00  1.000000e+00  1.219e-01  5.540e-01 -2.985e+00  3.695046e-01 -5.405766e-01  7.558063e-01 -3.019675e+00  2.757297e+00  <LogSample>  <DielIoni>  <SE> 
    149       2  1.058322e+01  1.058322e+01  2.877e-06  5.469714e-01 -2.874244e-01  1.000000e+00  0.000e+00  1.104e-02 -1.030e+00  2.941867e-01 -3.509138e-01  8.889959e-01 -1.030079e+00  8.204579e-01  <LogSample>  <DielIoni>  <SE> 
    154       1  1.186959e+03  1.186959e+03  7.967e-07 -1.336085e+00  1.653968e+00  1.000000e+00  0.000e+00  0.000e+00  1.000e+01 -1.462626e-01  5.663896e-01  8.110549e-01 -1.509490e+00  2.126201e+00  <samplecontainer>  <PE>  <BSE> 
    157      24  3.722282e+00  3.722282e+00  3.763e-05 -1.973838e+01 -2.157854e+01  1.000000e+00 -1.888e+01 -2.054e+01 -4.614e+00  6.257903e-01 -5.134425e-01  5.871655e-01 -4.613792e+00  3.194844e+01  <LogSample>  <DielIoni>  <SE> 
    157       2  1.318257e+00  1.318257e+00  1.684e-05 -5.160495e+00 -1.605355e+00  1.000000e+00  0.000e+00  1.254e-02 -2.542e+00  2.502951e-01 -7.844874e-01  5.673904e-01 -2.625783e+00  5.612988e+00  <LogSample>  <DielIoni>  <SE> 
    160       1  6.047324e+02  6.047324e+02  2.153e-06  4.075183e+00  2.846777e+00  1.000000e+00  0.000e+00  0.000e+00  1.000e+01 -1.033355e-01 -3.781864e-01  9.199439e-01 -1.232036e+01  8.821191e+00  <samplecontainer>  <PE>  <BSE> 
    160       3  5.921600e+00  5.921600e+00  3.143e-06  2.154963e+00  1.949908e+00  1.000000e+00  2.044e-02  1.416e-01 -1.012e+00  1.175440e-01 -1.902527e-01  9.746729e-01 -1.012084e+00  3.029788e+00  <LogSample>  <DielIoni>  <SE> 
    161       1  5.534839e+02  5.534839e+02  2.573e-06  2.436827e+00  6.493817e+00  1.000000e+00  0.000e+00  0.000e+00  1.000e+01  6.991801e-01  7.095234e-02  7.114162e-01 -1.123237e+01  7.861137e+00  <samplecontainer>  <PE>  <BSE> 
    161      23  2.997118e-01  2.997118e-01  1.095e-05 -7.912101e-01  6.001957e+00  1.000000e+00 -1.215e+00  5.982e+00 -1.061e+00 -2.972193e-01 -1.579108e-02  9.546786e-01 -1.060551e+00  6.617139e+00  <LogSample>  <DielIoni>  <SE> 
    165       2  6.311324e+01  6.311324e+01  1.012e-06 -1.738720e+00 -1.204324e+00  1.000000e+00  7.177e-03  3.374e-03 -3.088e-01 -7.094877e-01 -4.947236e-01  5.018723e-01 -3.087886e-01  2.115075e+00  <LogSample>  <DielIoni>  <BSE> 
    167       1  1.004209e+03  1.004209e+03  2.073e-06 -1.822328e+01  5.225222e+00  1.000000e+00  0.000e+00  0.000e+00  1.000e+01 -5.063710e-01  1.309379e-01  8.523167e-01 -9.186923e+00  1.895761e+01  <samplecontainer>  <PE>  <BSE> 
    169      66  3.356944e+00  3.356944e+00  2.939e-05  7.502676e+00 -1.355787e+01  1.000000e+00  4.182e+00 -7.427e+00 -1.063e+00 -1.697203e-01 -9.747277e-01  1.452617e-01 -3.236709e+00  1.549535e+01  <LogSample>  <DielIoni>  <SE> 
    170      64  1.026390e+00  1.026390e+00  3.178e-05  4.861496e+00  3.972466e-01  1.000000e+00  1.445e-01  2.739e+00 -8.391e+00  7.568554e-01  3.853909e-01  5.278672e-01 -8.391070e+00  5.123667e+00  <LogSample>  <DielIoni>  <SE> 
    171      21  5.423896e+00  5.423896e+00  4.325e-06  5.256794e+00  8.349392e+00  1.000000e+00  4.848e+00  8.086e+00 -7.330e-01  1.614778e-01  2.809928e-01  9.460274e-01 -7.329615e-01  9.866419e+00  <LogSample>  <DielIoni>  <SE> 
    171      13  7.230489e+00  7.230489e+00  1.128e-05  8.634184e+00  1.648897e+00  1.000000e+00  4.708e+00  5.115e+00 -4.169e+00  9.086235e-01  8.552031e-02  4.087659e-01 -4.169421e+00  8.790222e+00  <LogSample>  <DielIoni>  <SE> 
    175       1  1.057741e+03  1.057741e+03  1.216e-06  9.091280e+00  2.519286e-01  1.000000e+00  0.000e+00  0.000e+00  1.000e+01  8.901250e-01 -1.833112e-01  4.172223e-01 -4.040245e+00  9.094770e+00  <samplecontainer>  <PE>  <BSE> 
    177       4  4.781057e+00  4.781057e+00  7.938e-06 -2.511922e+00  1.593133e+00  1.000000e+00  1.922e-01  1.277e-01 -2.431e+00  5.836840e-02  3.023840e-01  9.513974e-01 -2.430906e+00  2.974529e+00  <LogSample>  <DielIoni>  <SE> 
    179       1  1.069812e+03  1.069812e+03  1.285e-06  6.198883e+00  9.225071e+00  1.000000e+00  0.000e+00  0.000e+00  1.000e+01  1.460410e-01  5.377381e-01  8.303673e-01 -3.297387e+00  1.111432e+01  <samplecontainer>  <PE>  <BSE> 
    179       6  1.060928e+01  1.060928e+01  5.683e-06  8.488390e+00  9.739862e+00  1.000000e+00  5.547e+00  8.027e+00 -1.654e+00  8.808554e-01 -5.548705e-02  4.701222e-01 -1.653763e+00  1.291966e+01  <LogSample>  <DielIoni>  <SE> 
    182       1  7.767633e+02  7.767633e+02  2.624e-06  3.289287e+01  8.987173e-01  1.000000e+00  0.000e+00  0.000e+00  1.000e+01  1.999864e-01  4.717474e-01  8.587548e-01 -5.834465e+00  3.290515e+01  <samplecontainer>  <PE>  <BSE> 
    183       3  4.033521e-01  4.033521e-01  3.051e-05 -4.862346e+00  3.435470e-01  1.000000e+00  1.801e-03  2.474e-02 -5.242e+00 -6.625504e-02 -2.850873e-01  9.562089e-01 -5.241543e+00  4.874467e+00  <LogSample>  <DielIoni>  <SE> 
    191       1  8.217446e+02  8.217446e+02  1.658e-06 -1.010113e+01  5.020233e+00  1.000000e+00  0.000e+00  0.000e+00  1.000e+01 -4.161644e-01  1.101056e-01  9.025984e-01 -6.875360e+00  1.127988e+01  <samplecontainer>  <PE>  <BSE> 
    191      16  2.439485e+00  2.439485e+00  1.451e-05  8.850700e-01  3.682398e-01  1.000000e+00  5.329e-01 -4.364e-01 -9.088e-01 -9.146233e-02 -7.083749e-01  6.998855e-01 -1.391127e+00  3.170153e+00  <LogSample>  <DielIoni>  <SE> 
    191      15  2.092518e+00  2.092518e+00  1.397e-05  2.758086e+00 -1.715792e-01  1.000000e+00  2.540e-01 -1.296e-01 -9.013e-01  8.224046e-01 -2.096178e-01  5.288772e-01 -1.937268e+00  2.937340e+00  <LogSample>  <DielIoni>  <SE> 
    193      58  6.231570e+00  6.231570e+00  2.306e-06 -2.696933e+00 -8.962573e-01  1.000000e+00 -1.847e+00 -1.287e+00 -4.896e-01 -2.196003e-01  3.890151e-01  8.946748e-01 -4.895716e-01  2.841958e+00  <LogSample>  <DielIoni>  <SE> 
    193      57  7.657767e+00  7.657767e+00  2.193e-06 -1.744075e+00 -1.906716e+00  1.000000e+00 -1.829e+00 -1.238e+00 -4.935e-01  1.463815e-01 -6.518380e-01  7.440965e-01 -4.934986e-01  2.584059e+00  <LogSample>  <DielIoni>  <SE> 
    193      51  1.044741e+00  1.044741e+00  1.204e-05 -1.188181e+00  3.789142e+00  1.000000e+00 -8.136e-01 -3.381e-01 -1.311e+00  2.474930e-01  6.086142e-01  7.538806e-01 -2.702995e+00  3.971067e+00  <LogSample>  <DielIoni>  <SE> 
    193      63  5.912221e+00  5.912221e+00  6.970e-06 -6.623469e-01 -4.185104e+00  1.000000e+00  2.886e-01 -2.149e-01 -1.775e+00  5.127678e-01 -2.183872e-02  8.582495e-01 -1.775387e+00  4.373659e+00  <LogSample>  <DielIoni>  <SE> 
    195       1  1.231496e+03  1.231496e+03  8.239e-07  1.201862e+00  3.102213e+00  1.000000e+00  0.000e+00  0.000e+00  1.000e+01  1.227443e-01  7.341069e-01  6.678479e-01 -2.037024e+00  3.326890e+00  <samplecontainer>  <PE>  <BSE> 
    197       1  1.229357e+03  1.229357e+03  7.018e-07 -5.099745e-01 -7.389233e-01  1.000000e+00  0.000e+00  0.000e+00  1.000e+01 -1.252386e-01 -1.880120e-01  9.741493e-01 -1.752691e+00  8.978205e-01  <samplecontainer>  <PE>  <BSE> 
    197       2  6.857442e+00  6.857442e+00  2.093e-06 -1.850538e+00  5.151049e-01  1.000000e+00 -3.360e-01 -4.778e-01 -3.548e-01 -7.381944e-01  4.499189e-01  5.026350e-01 -3.547518e-01  1.920891e+00  <LogSample>  <DielIoni>  <SE> 
    198       2  2.745339e+00  2.745339e+00  7.441e-06  1.833789e+00 -3.107290e-01  1.000000e+00  5.498e-01 -1.193e+00 -2.611e+00  1.296474e-02  6.087759e-01  7.932363e-01 -2.610602e+00  2.298697e+00  <LogSample>  <DielIoni>  <SE> 
    199      14  2.235835e+00  2.235835e+00  2.093e-05  2.930921e+00 -1.050471e+01  1.000000e+00  1.193e+00 -1.440e+01 -1.804e+00  5.381939e-01  7.651771e-01  3.533430e-01 -2.247012e+00  1.448970e+01  <LogSample>  <DielIoni>  <SE> 
    199      34  4.546477e+00  4.546477e+00  8.407e-06 -2.091560e+00 -1.478772e+01  1.000000e+00  9.687e-01 -1.409e+01 -1.971e+00 -5.251831e-01 -6.937871e-01  4.927903e-01 -2.260806e+00  1.493491e+01  <LogSample>  <DielIoni>  <SE> 
    199      45  4.623500e+00  4.623500e+00  1.173e-05  7.396359e-01 -9.473940e+00  1.000000e+00 -9.680e-01 -1.264e+01 -3.355e+00  1.539932e-01  4.345448e-01  8.873877e-01 -3.355457e+00  1.267688e+01  <LogSample>  <DielIoni>  <SE> 
    200       2  4.306127e+00  4.306127e+00  1.971e-06  1.002946e+00 -4.439800e-01  1.000000e+00  0.000e+00  1.014e-02 -1.321e-01  6.391201e-01  1.821624e-02  7.688912e-01 -3.191782e-01  1.096822e+00  <LogSample>  <DielIoni>  <SE> 
    201      43  1.260309e+01  1.260309e+01  5.878e-06  2.127969e+01 -2.215257e+01  1.000000e+00  2.224e+01 -2.127e+01 -1.150e+00 -5.533275e-01 -7.634828e-02  8.294574e-01 -1.149927e+00  3.122702e+01  <LogSample>  <DielIoni>  <SE> 
    206      61  5.563044e+00  5.563044e+00  9.017e-06 -1.873801e+00 -1.706892e+00  1.000000e+00 -1.137e+00 -2.955e-03 -2.832e+00 -1.609018e-01 -3.830889e-01  9.095898e-01 -3.030186e+00  2.812285e+00  <LogSample>  <DielIoni>  <SE> 
    209       1  7.996168e+02  7.996168e+02  2.198e-06 -8.297770e+00 -4.831466e+00  1.000000e+00  0.000e+00  0.000e+00  1.000e+01 -2.007369e-02 -3.090702e-01  9.508274e-01 -1.377883e+01  9.601877e+00  <samplecontainer>  <PE>  <BSE> 
    211       1  1.249938e+03  1.249938e+03  7.757e-07  4.172357e+00  3.873906e+00  1.000000e+00  0.000e+00  0.000e+00  1.000e+01  7.136400e-01  6.608140e-01  2.324711e-01 -3.912767e-01  5.693480e+00  <samplecontainer>  <PE>  <BSE> 
    212       1  6.600447e+02  6.600447e+02  2.396e-06  2.619138e+01 -1.116641e+01  1.000000e+00  0.000e+00  0.000e+00  1.000e+01  7.166969e-01 -4.840491e-01  5.020378e-01 -4.034644e+00  2.847239e+01  <samplecontainer>  <PE>  <BSE> 
    215      70  1.020957e+00  1.020957e+00  1.299e-05 -1.729857e-01 -9.002946e-01  1.000000e+00  9.754e-02 -1.008e+00 -2.250e+00 -1.805518e-01 -4.082178e-01  8.948515e-01 -3.623777e+00  1.762212e+00  <LogSample>  <DielIoni>  <SE> 
    217       2  1.222659e+01  1.222659e+01  1.336e-06 -7.992499e-01  1.486231e-01  1.000000e+00  0.000e+00  1.028e-02 -2.752e-01 -6.624014e-01 -7.271485e-04  7.491488e-01 -2.752463e-01  8.129510e-01  <LogSample>  <DielIoni>  <SE> 
    218       1  1.045825e+03  1.045825e+03  1.862e-06 -1.763034e+01  1.601354e+01  1.000000e+00  0.000e+00  0.000e+00  1.000e+01 -4.807801e-01  2.641173e-01  8.361176e-01 -5.632185e+00  2.381727e+01  <samplecontainer>  <PE>  <BSE> 
    220      61  2.177314e+00  2.177314e+00  9.790e-06  1.746154e+00  2.202525e+00  1.000000e+00  8.500e-01  3.114e+00 -3.563e+00 -5.200508e-01  2.498546e-01  8.167741e-01 -3.562512e+00  3.228375e+00  <LogSample>  <DielIoni>  <SE> 
    223       1  1.249904e+03  1.249904e+03  5.609e-07  1.503978e-01  3.231544e-01  1.000000e+00  0.000e+00  0.000e+00  1.000e+01  9.019917e-02  2.100691e-01  9.735169e-01 -3.483682e-01  3.564383e-01  <samplecontainer>  <PE>  <BSE> 
    224       2  2.593534e+00  2.593534e+00  2.634e-06 -9.442391e-01  2.050780e-01  1.000000e+00  0.000e+00  1.022e-02 -2.110e-01 -5.366825e-01  5.673312e-01  6.245856e-01 -2.109657e-01  9.662528e-01  <LogSample>  <DielIoni>  <SE> 
    227       2  2.659162e+01  2.659162e+01  1.214e-06 -7.238297e-01  1.082859e-02  1.000000e+00  0.000e+00  1.011e-02 -9.847e-02 -6.883718e-01  1.402051e-01  7.116788e-01 -2.688542e-01  7.239107e-01  <LogSample>  <DielIoni>  <SE> 
    227      66  3.302035e+00  3.302035e+00  2.496e-06 -2.622261e-01 -7.198718e-01  1.000000e+00  1.661e-01 -1.656e-01 -1.755e-01 -5.771710e-01 -4.475853e-01  6.830380e-01 -2.104110e-01  7.661448e-01  <LogSample>  <DielIoni>  <SE> 
    227      65  5.907723e+00  5.907723e+00  8.491e-06  8.249309e-01 -2.247084e+00  1.000000e+00  1.148e-01  1.432e-02 -2.366e-01 -2.047991e-01 -8.573163e-01  4.722988e-01 -1.279472e+00  2.393720e+00  <LogSample>  <DielIoni>  <SE> 
    230      71  2.506732e+00  2.506732e+00  2.726e-05  4.038974e+00 -4.278204e+00  1.000000e+00 -1.141e-01 -6.953e-01 -5.481e+00 -5.527504e-01  8.364260e-03  8.333049e-01 -5.481151e+00  6.504061e+00  <LogSample>  <DielIoni>  <SE> 
    231      28  6.258348e+00  6.258348e+00  1.338e-05 -2.579887e+00  2.790968e+00  1.000000e+00 -2.131e+00  4.579e+00 -3.088e+00  8.523379e-02 -7.612059e-01  6.428847e-01 -3.087508e+00  5.050184e+00  <LogSample>  <DielIoni>  <SE> 
    233       1  9.095635e+02  9.095635e+02  2.102e-06 -9.936951e-01 -1.017271e+01  1.000000e+00  0.000e+00  0.000e+00  1.000e+01  4.337430e-02 -9.682712e-01  2.461089e-01 -7.192380e+00  1.022113e+01  <samplecontainer>  <PE>  <BSE> 
    233      11  6.112047e+00  6.112047e+00  4.379e-06 -5.152898e-01 -8.846520e-01  1.000000e+00 -1.497e+00  4.639e-02 -1.653e+00 -1.264810e-01 -1.472132e-01  9.809846e-01 -1.652818e+00  1.497338e+00  <LogSample>  <DielIoni>  <SE> 
    234       1  9.847590e+02  9.847590e+02  1.086e-06 -4.452461e+00  3.623092e+00  1.000000e+00  0.000e+00  0.000e+00  1.000e+01 -1.861410e-01  6.126596e-01  7.681144e-01 -3.697301e+00  5.740314e+00  <samplecontainer>  <PE>  <BSE> 
    234       2  6.317828e+01  6.317828e+01  1.013e-06  1.186128e+00  3.905387e-01  1.000000e+00  0.000e+00  1.033e-02 -3.170e-01  6.982452e-01  2.535126e-01  6.694662e-01 -4.640019e-01  1.248767e+00  <LogSample>  <DielIoni>  <BSE> 
    236      58  4.209798e+00  4.209798e+00  7.319e-06  6.686596e+00  9.195609e-01  1.000000e+00  5.946e+00  1.522e+00 -4.075e+00  5.504723e-01 -3.442918e-01  7.605547e-01 -4.074632e+00  6.749530e+00  <LogSample>  <DielIoni>  <SE> 
    236      68  2.777524e+00  2.777524e+00  5.048e-06  3.739614e-01 -1.962311e-01  1.000000e+00  1.958e-01 -4.880e-01 -1.158e+00 -2.989718e-01  4.893164e-01  8.192590e-01 -1.158304e+00  1.569912e+00  <LogSample>  <DielIoni>  <SE> 
    237      30  8.274368e+00  8.274368e+00  5.916e-06  2.824834e+01  1.549898e+01  1.000000e+00  2.608e+01  1.384e+01 -1.717e+00  7.888042e-01  3.934083e-01  4.722477e-01 -1.716817e+00  3.222091e+01  <LogSample>  <DielIoni>  <SE> 
    237       5  3.890807e+00  3.890807e+00  1.023e-05  9.291047e+00  6.154015e+00  1.000000e+00  6.586e+00  9.685e+00 -7.917e-01  8.405742e-01 -3.842484e-01  3.818222e-01 -1.300773e+00  1.171204e+01  <LogSample>  <DielIoni>  <SE> 
    237       3  1.092974e+02  1.092974e+02  1.862e-06  1.104139e+00  9.920332e+00  1.000000e+00  9.688e-01  3.453e+00 -1.762e+00  4.332910e-01  8.722260e-01  2.268937e-01 -1.761763e+00  9.981588e+00  <LogSample>  <DielIoni>  <BSE> 
    237      56  2.395743e+01  2.395743e+01  2.265e-06 -4.139609e-01  4.423827e+00  1.000000e+00 -9.166e-01  5.766e+00 -1.368e-01  5.065616e-01 -5.630109e-01  6.530039e-01 -1.368274e-01  5.838018e+00  <LogSample>  <DielIoni>  <SE> 
    237      58  1.428416e+01  1.428416e+01  2.251e-06 -2.010154e+00  7.617974e+00  1.000000e+00 -1.210e+00  5.580e+00 -9.483e-03 -3.323010e-01  8.460785e-01  4.168060e-01 -9.482687e-03  7.878721e+00  <LogSample>  <DielIoni>  <SE> 
    237      59  8.757335e+00  8.757335e+00  2.337e-06 -1.702446e+00  4.520646e+00  1.000000e+00 -1.073e+00  4.797e+00 -4.903e-01 -5.109203e-01 -3.874104e-02  8.587547e-01 -4.902818e-01  4.915807e+00  <LogSample>  <DielIoni>  <SE> 
    240       6  2.083780e+00  2.083780e+00  1.585e-05 -1.623071e+00  4.876331e+00  1.000000e+00 -7.330e-01  1.692e+00 -3.702e+00  7.171821e-02  2.059986e-01  9.759206e-01 -3.701847e+00  6.112229e+00  <LogSample>  <DielIoni>  <SE> 
    240      66  1.430512e+01  1.430512e+01  4.273e-06 -2.066772e+00  6.179214e-01  1.000000e+00 -1.343e-01  6.067e-02 -1.011e+00 -5.651603e-02  7.430796e-02  9.956326e-01 -1.010512e+00  2.278592e+00  <LogSample>  <DielIoni>  <SE> 
    240      68  2.258644e+01  2.258644e+01  1.590e-06 -1.805953e+00 -3.561215e-02  1.000000e+00 -4.116e-01  4.771e-01 -9.835e-01 -5.382016e-01 -8.636465e-02  8.383795e-01 -9.835162e-01  1.806304e+00  <LogSample>  <DielIoni>  <SE> 
    241       1  1.193073e+03  1.193073e+03  1.430e-06 -3.863447e-01  9.830212e+00  1.000000e+00  0.000e+00  0.000e+00  1.000e+01  2.888625e-02  4.181816e-01  9.079040e-01 -6.087254e+00  9.837802e+00  <samplecontainer>  <PE>  <BSE> 
    242       1  5.699186e+02  5.699186e+02  1.753e-06 -2.025370e-01  1.378703e+01  1.000000e+00  0.000e+00  0.000e+00  1.000e+01  5.615353e-01  7.799854e-01  2.762261e-01 -4.532411e+00  1.378851e+01  <samplecontainer>  <PE>  <BSE> 
    242       5  2.297398e+02  2.297398e+02  9.310e-07  6.408061e-01 -3.789425e-01  1.000000e+00 -4.337e-01  4.525e-01 -1.949e+00  3.193225e-01 -2.830015e-01  9.044022e-01 -1.949424e+00  7.444662e-01  <LogSample>  <DielIoni>  <BSE> 
    242      19  5.728559e+00  5.728559e+00  1.416e-05 -9.429671e-01 -1.057012e+00  1.000000e+00 -1.023e+00  9.479e-01 -2.013e+00 -6.008358e-01  2.149917e-01  7.699188e-01 -2.012952e+00  1.782939e+00  <LogSample>  <DielIoni>  <SE> 
    242      23  7.701232e+00  7.701232e+00  5.942e-06  4.684492e+00 -4.127412e-02  1.000000e+00 -1.207e+00 -9.675e-01 -8.897e-01  9.360940e-01  2.980289e-01  1.868336e-01 -8.897094e-01  4.684674e+00  <LogSample>  <DielIoni>  <SE> 
    243       1  1.113140e+03  1.113140e+03  1.097e-06  6.905471e+00  3.355853e+00  1.000000e+00  0.000e+00  0.000e+00  1.000e+01  6.865558e-01  4.466195e-01  5.737352e-01 -3.172988e+00  7.677713e+00  <samplecontainer>  <PE>  <BSE> 
    243       4  2.215751e+01  2.215751e+01  1.928e-06  1.171339e+00  1.187123e+00  1.000000e+00  1.923e-02  3.879e-02 -7.384e-01  4.479693e-01  1.308756e-01  8.844179e-01 -7.383947e-01  1.667722e+00  <LogSample>  <DielIoni>  <SE> 
    250       1  5.262276e+02  5.262276e+02  4.178e-06 -2.585528e+01 -1.686273e+01  1.000000e+00  0.000e+00  0.000e+00  1.000e+01  3.456924e-02 -7.837148e-01  6.201581e-01 -1.212157e+01  3.086822e+01  <samplecontainer>  <PE>  <BSE> 
    251       1  4.673199e+02  4.673199e+02  2.462e-06  1.572126e+01 -9.892521e+00  1.000000e+00  0.000e+00  0.000e+00  1.000e+01 -3.734104e-01 -7.344269e-01  5.667291e-01 -6.662658e+00  1.857471e+01  <samplecontainer>  <PE>  <BSE> 
    253       1  2.828482e+02  2.828482e+02  1.727e-06  8.173661e-01 -4.686487e+00  1.000000e+00  0.000e+00  0.000e+00  1.000e+01 -3.569955e-01 -1.988433e-01  9.126968e-01 -5.183230e+00  5.925801e+00  <samplecontainer>  <PE>  <BSE> 
    253       3  2.279059e+01  2.279059e+01  1.676e-06 -1.653277e-01 -1.036215e+00  1.000000e+00  0.000e+00  1.094e-02 -9.314e-01 -3.568947e-01 -5.207792e-01  7.755097e-01 -9.314030e-01  1.049322e+00  <LogSample>  <DielIoni>  <SE> 
    253      47  1.248454e+01  1.248454e+01  1.683e-06 -1.332405e+00 -5.923929e-01  1.000000e+00 -8.776e-01 -5.987e-01 -6.496e-01 -1.281401e-01 -6.186113e-02  9.898249e-01 -6.495871e-01  1.458161e+00  <LogSample>  <DielIoni>  <SE> 
    253      46  3.063634e+00  3.063634e+00  1.534e-05  1.886321e+00  2.027656e+00  1.000000e+00 -7.711e-01 -5.759e-01 -5.710e-01 -2.552838e-01  2.456191e-01  9.351478e-01 -1.812935e+00  3.747060e+00  <LogSample>  <DielIoni>  <SE> 
    254       1  6.508583e+02  6.508583e+02  3.061e-06  2.232676e+01 -2.276009e+01  1.000000e+00  0.000e+00  0.000e+00  1.000e+01  6.713621e-01 -5.173769e-01  5.306545e-01 -1.246362e+01  3.188269e+01  <samplecontainer>  <PE>  <BSE> 
    259      43  2.907587e+00  2.907587e+00  2.714e-05 -2.240107e+01 -4.675539e+00  1.000000e+00 -2.280e+01  7.072e-01 -7.525e+00 -8.153757e-01  2.498965e-01  5.222205e-01 -7.524560e+00  2.319991e+01  <LogSample>  <DielIoni>  <SE> 
    261       1  2.478384e+02  2.478384e+02  2.917e-06  2.570403e+01 -1.259286e+01  1.000000e+00  0.000e+00  0.000e+00  1.000e+01 -2.098418e-01 -1.052447e-01  9.720545e-01 -9.411492e+00  2.882222e+01  <samplecontainer>  <PE>  <BSE> 
    263      38  6.994741e+00  6.994741e+00  1.774e-05  2.180328e+01 -5.766583e+00  1.000000e+00  2.170e+01 -2.612e+00 -3.557e+00  7.190972e-02 -9.410499e-01  3.305361e-01 -3.794236e+00  2.368087e+01  <LogSample>  <DielIoni>  <SE> 
    265       1  1.233306e+03  1.233306e+03  7.507e-07  1.250483e+00 -3.080647e+00  1.000000e+00  0.000e+00  0.000e+00  1.000e+01  2.077436e-01 -7.343318e-01  6.462193e-01 -1.412441e+00  3.324770e+00  <samplecontainer>  <PE>  <BSE> 
    265       2  2.927579e+00  2.927579e+00  3.781e-06  2.056591e+00 -1.397302e+00  1.000000e+00  8.447e-02 -6.162e-02 -1.402e+00  7.254002e-01 -5.333760e-01  4.350914e-01 -1.401615e+00  2.486367e+00  <LogSample>  <DielIoni>  <SE> 
    267       1  2.730663e+02  2.730663e+02  2.520e-06 -3.266004e+00 -7.630627e+00  1.000000e+00  0.000e+00  0.000e+00  1.000e+01 -5.334283e-01  6.531612e-02  8.433196e-01 -1.282695e+01  8.994329e+00  <samplecontainer>  <PE>  <BSE> 
    267      21  9.448877e+00  9.448877e+00  9.277e-06 -4.499527e+00 -9.764495e+00  1.000000e+00 -2.322e+00 -7.830e+00 -3.201e-01  4.612303e-01 -7.676706e-01  4.449139e-01 -2.235882e+00  1.075133e+01  <LogSample>  <DielIoni>  <SE> 
    267      33  1.090352e+01  1.090352e+01  5.926e-06 -5.150297e+00 -8.011637e+00  1.000000e+00 -3.257e+00 -7.792e+00 -8.832e-01 -6.035834e-01  3.536375e-01  7.145821e-01 -8.831585e-01  9.793923e+00  <LogSample>  <DielIoni>  <SE> 
    268       1  2.317143e+00  2.317143e+00  1.091e-05 -2.850829e+00  3.157998e+00  1.000000e+00  0.000e+00  0.000e+00  1.000e+01  4.753523e-01  5.849217e-01  6.571962e-01 -4.273484e+00  4.744299e+00  <samplecontainer>  <PE>  <SE> 
    268      14  4.803135e+00  4.803135e+00  1.306e-05  1.946890e-01 -1.576184e+00  1.000000e+00 -7.009e-01 -1.728e-01 -3.441e+00  8.860617e-02 -5.691046e-01  8.174772e-01 -3.441043e+00  1.588162e+00  <LogSample>  <DielIoni>  <SE> 
    268      41  5.780680e+00  5.780680e+00  1.689e-05  6.583718e+00 -1.008279e+01  1.000000e+00  4.579e+00 -9.691e+00 -7.272e+00  3.648710e-01 -5.377340e-01  7.600732e-01 -7.271707e+00  1.204193e+01  <LogSample>  <DielIoni>  <SE> 
    268      71  2.473420e+00  2.473420e+00  2.051e-06 -3.674406e-01  3.890994e-01  1.000000e+00  1.819e-02  2.243e-02 -3.203e-01 -4.385897e-01  2.909386e-01  8.502904e-01 -3.203251e-01  5.351738e-01  <LogSample>  <DielIoni>  <SE> 
    270      66  2.596018e+00  2.596018e+00  1.428e-05 -1.859652e+00  4.460777e-01  1.000000e+00 -4.104e+00 -5.008e-01 -5.251e+00 -1.958996e-01 -2.379512e-01  9.513162e-01 -5.251094e+00  4.134275e+00  <LogSample>  <DielIoni>  <SE> 
    271       1  1.054055e+03  1.054055e+03  1.017e-06  2.002908e+00 -2.093614e+00  1.000000e+00  0.000e+00  0.000e+00  1.000e+01 -4.767747e-02 -2.115011e-02  9.986388e-01 -3.768954e+00  2.934949e+00  <samplecontainer>  <PE>  <BSE> 
    273       1  1.087487e+03  1.087487e+03  1.209e-06 -1.081136e-01  9.374219e+00  1.000000e+00  0.000e+00  0.000e+00  1.000e+01  6.322774e-03  7.356144e-01  6.773710e-01 -3.236015e+00  9.374842e+00  <samplecontainer>  <PE>  <BSE> 
    273       6  7.498715e+00  7.498715e+00  2.376e-06 -5.460353e-01  5.734095e+00  1.000000e+00 -3.266e-01  5.976e+00 -1.350e+00  1.671628e-01  2.583484e-01  9.514792e-01 -1.349881e+00  5.984891e+00  <LogSample>  <DielIoni>  <SE> 
    274       1  9.870032e+02  9.870032e+02  1.874e-06  2.135552e+01  9.745088e+00  1.000000e+00  0.000e+00  0.000e+00  1.000e+01  5.868345e-01  7.351118e-01  3.394642e-01 -2.595217e+00  2.347392e+01  <samplecontainer>  <PE>  <BSE> 
    278       1  1.147378e+03  1.147378e+03  9.963e-07  1.813496e-01  2.681999e+00  1.000000e+00  0.000e+00  0.000e+00  1.000e+01 -7.874334e-02  3.355040e-01  9.387420e-01 -4.321452e+00  2.688124e+00  <samplecontainer>  <PE>  <BSE> 
    278       3  7.605124e+00  7.605124e+00  5.380e-06  5.455232e-01  9.523800e-01  1.000000e+00 -2.995e-03  1.177e-02 -5.743e-01 -3.386260e-01 -4.270085e-01  8.384487e-01 -1.316920e+00  2.057510e+00  <LogSample>  <DielIoni>  <SE> 
    281      15  2.833120e+00  2.833120e+00  4.939e-06 -1.828591e-01 -6.089239e+00  1.000000e+00  5.878e-01 -6.339e+00 -1.861e+00 -4.822752e-01  3.706447e-01  7.937463e-01 -1.861482e+00  7.182397e+00  <LogSample>  <DielIoni>  <SE> 
    282       2  8.978608e+00  8.978608e+00  5.821e-06 -7.583789e-01 -6.764917e-01  1.000000e+00 -1.007e-01 -1.570e-01 -1.428e+00 -2.732220e-01  4.178019e-01  8.664821e-01 -1.428215e+00  1.351479e+00  <LogSample>  <DielIoni>  <SE> 
    284       1  9.051781e+02  9.051781e+02  2.198e-06  9.066785e+00 -1.740241e+01  1.000000e+00  0.000e+00  0.000e+00  1.000e+01  3.255732e-01 -2.269675e-01  9.178714e-01 -1.152045e+01  1.962270e+01  <samplecontainer>  <PE>  <BSE> 
    289      16  2.675942e+00  2.675942e+00  7.139e-05  1.997042e+01  9.974522e+00  1.000000e+00  9.095e+00  1.573e+01 -7.563e+00 -1.326672e-01 -5.043225e-01  8.532633e-01 -1.067569e+01  2.445423e+01  <LogSample>  <DielIoni>  <SE> 
    291      13  4.779978e+00  4.779978e+00  1.743e-05  7.015274e+00  2.937752e+00  1.000000e+00  5.471e+00  4.129e+00 -4.599e+00  7.122372e-01 -4.941901e-01  4.984920e-01 -4.599021e+00  8.355874e+00  <LogSample>  <DielIoni>  <SE> 
    291       2  1.807570e+00  1.807570e+00  3.949e-05 -7.385608e-02  8.838117e+00  1.000000e+00 -1.392e-01  3.127e-01 -1.793e+00 -3.377108e-01  2.983538e-01  8.927130e-01 -3.977415e+00  8.838426e+00  <LogSample>  <DielIoni>  <SE> 
    292      19  3.959935e+00  3.959935e+00  1.530e-05  1.123017e+01 -1.666068e+01  1.000000e+00  1.359e+01 -1.855e+01 -3.031e+00 -4.247486e-01  4.503160e-01  7.853688e-01 -4.689621e+00  2.362711e+01  <LogSample>  <DielIoni>  <SE> 
    292       3  6.085316e+00  6.085316e+00  3.653e-06  1.260980e-02  6.562606e-01  1.000000e+00  7.776e-02 -4.450e-02 -1.200e+00  7.271826e-02  7.205801e-01  6.895480e-01 -1.200083e+00  7.150797e-01  <LogSample>  <DielIoni>  <SE> 
    296      24  1.749622e+00  1.749622e+00  4.804e-05 -1.017169e+01 -2.900920e+00  1.000000e+00 -7.178e+00 -7.659e+00 -5.145e+00  9.554659e-01  1.025420e-01  2.767128e-01 -6.772020e+00  1.431282e+01  <LogSample>  <DielIoni>  <SE> 
    296      36  1.133424e+00  1.133424e+00  2.007e-05 -1.907871e+00 -4.039120e+00  1.000000e+00 -3.476e+00 -5.029e+00 -5.667e+00  1.604632e-01  2.479375e-01  9.553944e-01 -5.666707e+00  8.198624e+00  <LogSample>  <DielIoni>  <SE> 
    296      71  1.587202e+00  1.587202e+00  3.981e-06  1.209219e+00 -7.397277e-01  1.000000e+00  3.053e-01 -6.686e-02 -8.856e-01  3.123699e-02  2.603755e-01  9.650020e-01 -8.855885e-01  1.837612e+00  <LogSample>  <DielIoni>  <SE> 
    297       1  1.048864e+03  1.048864e+03  1.315e-06 -4.011153e+00  6.580961e+00  1.000000e+00  0.000e+00  0.000e+00  1.000e+01 -2.143857e-01  2.617619e-01  9.410204e-01 -5.634503e+00  7.707035e+00  <samplecontainer>  <PE>  <BSE> 
    299       1  1.143196e+03  1.143196e+03  1.085e-06 -5.787404e+00  3.628043e+00  1.000000e+00  0.000e+00  0.000e+00  1.000e+01 -5.783845e-01  7.537879e-01  3.118898e-01 -2.807818e+00  6.830574e+00  <samplecontainer>  <PE>  <BSE> 
    302       1  1.171327e+03  1.171327e+03  8.703e-07 -4.233951e-01  5.765874e+00  1.000000e+00  0.000e+00  0.000e+00  1.000e+01 -1.623060e-01  9.245893e-01  3.446613e-01 -1.608188e+00  5.781399e+00  <samplecontainer>  <PE>  <BSE> 
    302       2  3.529359e+00  3.529359e+00  1.986e-06  5.317294e-01 -6.744511e-01  1.000000e+00  5.485e-03  2.765e-02 -3.765e-01  1.414654e-01 -5.093242e-01  8.488677e-01 -3.947712e-01  8.588483e-01  <LogSample>  <DielIoni>  <SE> 
    306       1  3.552234e+02  3.552234e+02  2.502e-06  2.515969e+01  5.953411e+00  1.000000e+00  0.000e+00  0.000e+00  1.000e+01  1.792885e-01 -1.267319e-01  9.755996e-01 -6.550371e+00  2.585446e+01  <samplecontainer>  <PE>  <BSE> 
    306      25  3.267644e+00  3.267644e+00  5.987e-06  2.307765e+01  4.854369e+00  1.000000e+00  2.512e+01  5.218e+00 -7.545e-01 -5.495987e-01  2.369323e-01  8.011269e-01 -1.082009e+00  2.565664e+01  <LogSample>  <DielIoni>  <SE> 
    306      49  1.557203e+00  1.557203e+00  5.599e-05  2.328799e+01 -2.820983e+00  1.000000e+00  2.361e+01  3.775e+00 -4.852e+00 -8.217713e-02 -2.662269e-01  9.604010e-01 -6.058462e+00  2.436365e+01  <LogSample>  <DielIoni>  <SE> 
    306      12  2.361869e+00  2.361869e+00  5.279e-05  1.979831e+01 -6.975210e+00  1.000000e+00  1.783e+01  4.768e+00 -6.129e+00  3.322682e-01 -1.475384e-01  9.315741e-01 -7.071832e+00  2.428319e+01  <LogSample>  <DielIoni>  <SE> 
    306       2  4.111980e+00  4.111980e+00  3.284e-06 -9.444756e-02  2.791225e+00  1.000000e+00  1.436e-01 -1.651e-02 -3.015e-01 -2.186131e-01  7.303846e-01  6.471064e-01 -6.712717e-01  2.792823e+00  <LogSample>  <DielIoni>  <SE> 
    308       3  6.587361e+00  6.587361e+00  1.417e-05 -1.226810e+00 -2.397916e+00  1.000000e+00 -1.795e-01 -4.499e-02 -2.247e+00 -1.862420e-01  5.149297e-02  9.811536e-01 -3.276169e+00  2.693523e+00  <LogSample>  <DielIoni>  <SE> 
    309       1  9.199365e+02  9.199365e+02  1.536e-06 -3.025912e+00 -5.122511e+00  1.000000e+00  0.000e+00  0.000e+00  1.000e+01 -4.784794e-01 -1.462673e-01  8.658310e-01 -8.149473e+00  5.949476e+00  <samplecontainer>  <PE>  <BSE> 
    309       2  1.272043e+01  1.272043e+01  3.248e-06  9.079942e-01  6.124227e-01  1.000000e+00  3.454e-01 -5.971e-01 -1.985e+00 -1.015822e-01  6.108922e-01  7.851699e-01 -1.984818e+00  1.187302e+00  <LogSample>  <DielIoni>  <SE> 
    313      70  5.321586e-01  5.321586e-01  3.031e-05 -4.291065e+00 -1.224225e+00  1.000000e+00  3.056e-01  2.193e-01 -3.796e+00 -3.773964e-01  4.372564e-01  8.163203e-01 -5.405644e+00  5.511511e+00  <LogSample>  <DielIoni>  <SE> 
    316      57  2.746604e+00  2.746604e+00  1.972e-05 -2.952709e+00 -5.652872e+00  1.000000e+00 -1.051e+00  1.256e+00 -4.072e+00 -2.478824e-01 -3.514381e-01  9.027988e-01 -4.548351e+00  6.377574e+00  <LogSample>  <DielIoni>  <SE> 
    317       3  9.597249e+00  9.597249e+00  3.128e-06  1.668123e+00 -4.695227e-01  1.000000e+00  2.823e-03  1.127e-02 -6.746e-01  8.411650e-01 -2.394258e-01  4.848883e-01 -6.745937e-01  1.732941e+00  <LogSample>  <DielIoni>  <SE> 
    320      65  9.483809e+00  9.483809e+00  2.522e-06 -1.013565e+00  6.177787e-01  1.000000e+00 -3.511e-01  3.313e-02 -1.865e+00 -5.088429e-01  4.779040e-01  7.160214e-01 -1.864878e+00  1.186998e+00  <LogSample>  <DielIoni>  <SE> 
    322       3  7.631236e+00  7.631236e+00  3.527e-06  1.768700e+00 -9.682921e-01  1.000000e+00  1.207e-02  7.580e-03 -1.286e+00  7.915381e-01 -4.771724e-02  6.092540e-01 -1.286553e+00  2.016405e+00  <LogSample>  <DielIoni>  <SE> 
    323       1  7.049281e+02  7.049281e+02  2.658e-06  8.426418e+00 -1.947412e+01  1.000000e+00  0.000e+00  0.000e+00  1.000e+01  1.773062e-01 -4.731966e-01  8.629296e-01 -1.295095e+01  2.121900e+01  <samplecontainer>  <PE>  <BSE> 
    323      29  1.216508e+00  1.216508e+00  2.908e-05  1.449176e+00 -2.922896e+00  1.000000e+00 -1.587e-01 -4.484e-01 -1.284e+00 -2.256941e-01 -1.656095e-01  9.600186e-01 -3.031224e+00  3.308082e+00  <LogSample>  <DielIoni>  <SE> 
    323      27  2.892254e+00  2.892254e+00  1.656e-05  5.748677e+00 -6.792084e+00  1.000000e+00  1.313e-01 -5.619e-02 -1.475e+00  4.674108e-01 -8.631762e-01  1.909294e-01 -2.637966e+00  8.898297e+00  <LogSample>  <DielIoni>  <SE> 
    323      26  8.780078e+00  8.780078e+00  5.290e-06  1.660315e-01  1.538475e+00  1.000000e+00  6.643e-02  7.943e-03 -8.363e-01 -6.979399e-01  4.205405e-01  5.796772e-01 -8.362621e-01  1.786744e+00  <LogSample>  <DielIoni>  <SE> 
    326       3  8.172735e+00  8.172735e+00  5.074e-06 -8.254791e-01  2.493745e+00  1.000000e+00 -1.023e+00  1.575e+00 -3.492e+00 -7.749254e-02  5.926292e-01  8.017391e-01 -3.498178e+00  2.626819e+00  <LogSample>  <DielIoni>  <SE> 
    328      67  6.492349e-01  6.492349e-01  1.367e-05  1.257583e-01 -3.579262e-01  1.000000e+00  1.159e-01 -3.689e-01 -3.416e+00 -6.436808e-02 -3.938340e-01  9.169250e-01 -3.415999e+00  8.900327e-01  <LogSample>  <DielIoni>  <SE> 
    332       1  1.019327e+03  1.019327e+03  1.551e-06 -5.151011e+00  8.820724e+00  1.000000e+00  0.000e+00  0.000e+00  1.000e+01 -1.527296e-01  7.140512e-02  9.856850e-01 -6.634648e+00  1.021460e+01  <samplecontainer>  <PE>  <BSE> 
    334       1  1.059655e+03  1.059655e+03  1.398e-06  9.129437e+00 -5.182197e-01  1.000000e+00  0.000e+00  0.000e+00  1.000e+01  4.095659e-01 -3.133783e-01  8.567671e-01 -6.492339e+00  9.144134e+00  <samplecontainer>  <PE>  <BSE> 
    334       9  7.471260e+00  7.471260e+00  6.214e-06  9.596997e+00  1.163897e+00  1.000000e+00  8.075e+00  2.959e-01 -1.174e+00  5.043831e-01  5.755562e-01  6.436868e-01 -2.274969e+00  9.667316e+00  <LogSample>  <DielIoni>  <SE> 
    337       2  2.693963e+01  2.693963e+01  9.825e-07 -7.081882e-01 -1.522285e-01  1.000000e+00  0.000e+00  1.017e-02 -1.640e-01 -5.829797e-01 -1.973258e-01  7.881606e-01 -1.639897e-01  7.243645e-01  <LogSample>  <DielIoni>  <SE> 
    338      52  9.638680e+00  9.638680e+00  9.013e-06 -8.659069e+00 -3.495688e+00  1.000000e+00 -9.326e+00 -5.198e+00 -1.629e+00  2.368588e-01  8.259461e-01  5.115770e-01 -1.629022e+00  1.068775e+01  <LogSample>  <DielIoni>  <SE> 
    338      57  4.458780e+00  4.458780e+00  1.058e-05 -8.009964e+00 -4.233821e+00  1.000000e+00 -9.321e+00 -5.049e+00 -1.764e+00 -1.336151e-01  7.915953e-01  5.962583e-01 -2.734304e+00  1.060059e+01  <LogSample>  <DielIoni>  <SE> 
    338      28  4.574763e+00  4.574763e+00  9.521e-06 -4.649802e+00 -3.797117e+00  1.000000e+00 -5.811e+00 -3.361e+00 -2.007e+00  2.234593e-01 -4.399291e-01  8.697863e-01 -2.275733e+00  6.713411e+00  <LogSample>  <DielIoni>  <SE> 
    340       1  1.113870e+03  1.113870e+03  1.796e-06 -7.074432e+00  6.251768e+00  1.000000e+00  0.000e+00  0.000e+00  1.000e+01 -6.121143e-01  4.645229e-01  6.399489e-01 -9.943471e+00  9.440985e+00  <samplecontainer>  <PE>  <BSE> 
    342      67  3.148124e+00  3.148124e+00  5.836e-06  7.178983e-01  4.031617e-01  1.000000e+00  3.589e-02  4.062e-02 -1.698e+00 -5.686883e-01 -1.205707e-01  8.136685e-01 -2.027590e+00  1.872948e+00  <LogSample>  <DielIoni>  <SE> 
    343       1  4.602870e+02  4.602870e+02  2.070e-06  8.593846e+00 -7.537651e+00  1.000000e+00  0.000e+00  0.000e+00  1.000e+01 -2.433569e-01 -3.943523e-01  8.861510e-01 -4.289914e+00  1.311164e+01  <samplecontainer>  <PE>  <BSE> 
    343      20  4.121572e+00  4.121572e+00  5.485e-06  7.468565e+00 -5.673986e+00  1.000000e+00  8.971e+00 -6.979e+00 -3.693e-01 -1.447681e-01 -3.788693e-01  9.140570e-01 -9.793326e-01  1.151546e+01  <LogSample>  <DielIoni>  <SE> 
    343      19  1.864494e+01  1.864494e+01  4.409e-06  6.495400e+00 -7.737256e+00  1.000000e+00  9.006e+00 -6.956e+00 -4.985e-01 -7.654284e-01 -3.839588e-01  5.164253e-01 -7.059461e-01  1.137959e+01  <LogSample>  <DielIoni>  <SE> 
    343      18  3.530068e+00  3.530068e+00  6.856e-06  1.194920e+01 -7.686414e+00  1.000000e+00  9.041e+00 -7.211e+00 -9.359e-01  8.442721e-01  3.904913e-01  3.670438e-01 -1.032704e+00  1.420790e+01  <LogSample>  <DielIoni>  <SE> 
    343      30  1.486329e+01  1.486329e+01  3.091e-06 -2.415274e+00  2.704511e-02  1.000000e+00 -1.741e+00  8.595e-02 -2.582e+00 -4.223966e-01  4.470717e-02  9.053079e-01 -2.581692e+00  2.415426e+00  <LogSample>  <DielIoni>  <SE> 
    349      65  3.161584e+00  3.161584e+00  3.656e-05 -2.177419e+01  1.693847e+01  1.000000e+00 -1.887e+01  1.770e+01 -6.551e+00 -3.911353e-02  3.162362e-01  9.478738e-01 -6.551391e+00  2.901103e+01  <LogSample>  <DielIoni>  <SE> 
    351       2  1.954598e-01  1.954598e-01  1.317e-05  2.144071e+00 -1.994741e+00  1.000000e+00 -7.267e-02  3.353e-01 -1.929e+00 -4.622307e-01 -1.340556e-01  8.765682e-01 -1.928637e+00  3.796654e+00  <LogSample>  <DielIoni>  <SE> 
    354       1  8.618658e+02  8.618658e+02  1.398e-06 -2.002546e+00  3.927150e+00  1.000000e+00  0.000e+00  0.000e+00  1.000e+01 -2.226335e-01  4.962825e-01  8.391293e-01 -5.208827e+00  4.408253e+00  <samplecontainer>  <PE>  <BSE> 
    358       1  3.931946e+02  3.931946e+02  3.885e-06  1.117580e+01 -8.295661e+00  1.000000e+00  0.000e+00  0.000e+00  1.000e+01 -6.816248e-01 -4.491114e-01  5.776561e-01 -1.516268e+01  1.853782e+01  <samplecontainer>  <PE>  <BSE> 
    363       1  6.489781e+02  6.489781e+02  2.600e-06 -1.567208e+01  2.843745e-01  1.000000e+00  0.000e+00  0.000e+00  1.000e+01 -8.024196e-01  1.005628e-01  5.882261e-01 -1.429210e+01  1.567466e+01  <samplecontainer>  <PE>  <BSE> 
    367      65  6.400233e+00  6.400233e+00  1.080e-05 -1.661112e+00  2.706312e+00  1.000000e+00  8.308e-01  2.081e-02 -2.867e+00 -3.539720e-01  7.332085e-01  5.806110e-01 -2.866674e+00  3.175440e+00  <LogSample>  <DielIoni>  <SE> 
    369       3  1.060230e+00  1.060230e+00  7.401e-05 -1.352379e+00  2.640641e+00  1.000000e+00  1.502e-02  2.073e-03 -5.755e+00  4.335543e-01  3.995682e-01  8.076979e-01 -7.592852e+00  4.810376e+00  <LogSample>  <DielIoni>  <SE> 
    373       1  7.966130e+02  7.966130e+02  1.910e-06  1.210003e+01 -1.671647e+00  1.000000e+00  0.000e+00  0.000e+00  1.000e+01  2.679407e-01  8.402214e-03  9.633988e-01 -1.066230e+01  1.221496e+01  <samplecontainer>  <PE>  <BSE> 
    374       4  2.705643e-01  2.705643e-01  5.549e-05 -8.270068e+00 -4.078901e+00  1.000000e+00 -8.533e+00 -2.806e+00 -1.055e+01 -6.359599e-01  1.040259e-01  7.646788e-01 -1.063061e+01  1.339528e+01  <LogSample>  <DielIoni>  <SE> 
    375      15  2.804232e+00  2.804232e+00  3.048e-05 -1.612128e+01  4.730319e+00  1.000000e+00 -9.540e+00  3.616e+00 -8.324e+00  3.167559e-01 -3.835174e-01  8.675137e-01 -8.324253e+00  1.775557e+01  <LogSample>  <DielIoni>  <SE> 
    375       6  8.426493e+00  8.426493e+00  8.856e-06  1.133189e-01 -3.287215e+00  1.000000e+00 -6.745e-01 -1.521e+00 -3.847e+00  1.006408e-01  8.464091e-01  5.229370e-01 -3.846536e+00  5.026986e+00  <LogSample>  <DielIoni>  <SE> 
    375      59  6.723437e+00  6.723437e+00  6.126e-06 -1.791722e+00  1.613839e+00  1.000000e+00  2.227e-01  7.966e-02 -9.778e-01  1.562056e-02 -3.039023e-01  9.525751e-01 -9.777763e-01  2.990043e+00  <LogSample>  <DielIoni>  <SE> 
    376      35  5.238085e+00  5.238085e+00  7.157e-06  1.743017e+01 -2.640579e+01  1.000000e+00  1.605e+01 -2.600e+01 -1.343e+00 -8.538613e-02 -9.052762e-02  9.922268e-01 -1.343121e+00  3.163980e+01  <LogSample>  <DielIoni>  <SE> 
    376      33  1.053470e+01  1.053470e+01  7.498e-06  1.489371e+01 -2.572405e+01  1.000000e+00  1.602e+01 -2.590e+01 -1.396e+00 -1.782182e-01  2.398751e-01  9.543051e-01 -1.395952e+00  3.087805e+01  <LogSample>  <DielIoni>  <SE> 
    376      11  2.617498e+00  2.617498e+00  1.517e-05  1.678091e+01 -1.150996e+01  1.000000e+00  1.548e+01 -1.073e+01 -2.489e+00  7.479708e-01  4.265731e-02  6.623594e-01 -2.489163e+00  2.034891e+01  <LogSample>  <DielIoni>  <SE> 
    376       7  1.773752e+01  1.773752e+01  2.447e-06  5.524111e+00 -7.603084e+00  1.000000e+00  6.318e+00 -7.850e+00 -1.246e+00  4.612350e-01  4.883831e-01  7.407727e-01 -1.245585e+00  1.015906e+01  <LogSample>  <DielIoni>  <SE> 
    376      56  7.456948e+00  7.456948e+00  4.424e-06  7.262716e+00 -8.654977e+00  1.000000e+00  6.042e+00 -8.008e+00 -9.019e-01  7.010018e-01 -2.340693e-01  6.736528e-01 -9.018869e-01  1.129848e+01  <LogSample>  <DielIoni>  <SE> 
    376      61  6.397004e+00  6.397004e+00  2.605e-06  5.882306e+00 -7.887472e+00  1.000000e+00  6.289e+00 -8.124e+00 -3.825e-01 -2.695025e-01  5.702140e-01  7.760312e-01 -3.824967e-01  1.070944e+01  <LogSample>  <DielIoni>  <SE> 
    377       1  5.070915e+02  5.070915e+02  2.480e-06  1.858664e+01 -1.734189e+01  1.000000e+00  0.000e+00  0.000e+00  1.000e+01  6.886030e-01 -1.099483e-01  7.167547e-01 -6.921139e+00  2.542055e+01  <samplecontainer>  <PE>  <BSE> 
    377      25  9.966946e+00  9.966946e+00  3.057e-06  1.749796e+01 -1.791031e+01  1.000000e+00  1.760e+01 -1.718e+01 -2.670e-02 -9.117314e-02 -5.356059e-01  8.395319e-01 -5.874003e-02  2.503913e+01  <LogSample>  <DielIoni>  <SE> 
    377       2  4.968685e+00  4.968685e+00  3.400e-06  1.862563e+00 -4.419634e-01  1.000000e+00  1.953e-01 -2.927e-02 -1.190e+00  2.014765e-01 -7.565728e-01  6.220972e-01 -1.189654e+00  1.914281e+00  <LogSample>  <DielIoni>  <SE> 
    379      69  1.174154e+00  1.174154e+00  1.123e-05 -2.783320e+00  7.005676e-01  1.000000e+00 -5.878e-01  1.057e+00 -6.249e-01  4.295293e-01  1.702754e-01  8.868545e-01 -1.462587e+00  3.625824e+00  <LogSample>  <DielIoni>  <SE> 
    379       2  1.493227e+01  1.493227e+01  1.341e-06  7.866729e-01 -8.215703e-01  1.000000e+00  0.000e+00  1.037e-02 -3.642e-01  6.248424e-01 -2.392359e-01  7.431946e-01 -3.932163e-01  1.137467e+00  <LogSample>  <DielIoni>  <SE> 
    384       2  3.491507e+01  3.491507e+01  1.089e-06  1.524680e-01  1.220699e+00  1.000000e+00  0.000e+00  1.002e-02 -1.117e-02  9.335267e-02  8.205018e-01  5.639700e-01 -7.696437e-02  1.230184e+00  <LogSample>  <DielIoni>  <SE> 
    387       1  7.491138e+02  7.491138e+02  1.573e-06  3.086467e+00 -6.385234e+00  1.000000e+00  0.000e+00  0.000e+00  1.000e+01  4.918294e-01 -4.726569e-01  7.312313e-01 -5.839930e+00  7.092073e+00  <samplecontainer>  <PE>  <BSE> 
    387      12  7.642973e+00  7.642973e+00  2.178e-05 -9.337342e-01 -9.239596e+00  1.000000e+00  1.044e+00 -5.149e+00 -1.655e+00 -3.972087e-01 -9.247151e-02  9.130577e-01 -2.772137e+00  9.286657e+00  <LogSample>  <DielIoni>  <SE> 
    387       7  1.491794e+00  1.491794e+00  5.608e-05 -8.677224e+00 -9.085312e-03  1.000000e+00 -1.141e+00  3.630e-01 -5.253e+00 -6.308600e-01 -8.610186e-02  7.711045e-01 -5.253488e+00  8.677229e+00  <LogSample>  <DielIoni>  <SE> 
    387      17  2.076450e+00  2.076450e+00  1.022e-05  2.697469e+00  1.766050e+00  1.000000e+00  4.090e-01 -1.572e-01 -1.187e+00 -3.861939e-01  3.497979e-01  8.535196e-01 -1.836501e+00  4.138814e+00  <LogSample>  <DielIoni>  <SE> 
    387       3  1.609764e+01  1.609764e+01  1.493e-06  9.352490e-01 -9.356398e-01  1.000000e+00  8.974e-02 -9.202e-02 -1.139e+00  1.607215e-02 -3.520799e-01  9.358320e-01 -1.279006e+00  1.322918e+00  <LogSample>  <DielIoni>  <SE> 
    387      25  9.407819e+00  9.407819e+00  3.321e-06 -4.268899e-01  1.215108e+00  1.000000e+00  5.459e-01 -5.008e-01 -7.370e-01 -4.965697e-01  5.578920e-01  6.649625e-01 -8.698292e-01  1.287914e+00  <LogSample>  <DielIoni>  <SE> 
    387      23  1.197588e+01  1.197588e+01  2.859e-06  4.756637e-01  1.974836e+00  1.000000e+00  3.044e-01 -2.759e-01 -1.279e+00  4.535658e-01  4.860830e-01  7.469949e-01 -1.279006e+00  2.031313e+00  <LogSample>  <DielIoni>  <SE> 
    387       2  3.436634e+01  3.436634e+01  8.495e-07 -7.159749e-01  3.932008e-01  1.000000e+00  0.000e+00  1.002e-02 -5.458e-03 -5.543567e-01  2.966883e-01  7.776019e-01 -5.458374e-03  8.168396e-01  <LogSample>  <DielIoni>  <SE> 
    391       2  8.932306e+00  8.932306e+00  1.891e-06  5.527382e-01  4.242548e-01  1.000000e+00  3.049e-02 -5.806e-02 -7.731e-01  6.866896e-02  4.292131e-01  9.005891e-01 -1.225717e+00  6.967867e-01  <LogSample>  <DielIoni>  <SE> 
    393       3  9.638667e+00  9.638667e+00  7.221e-06 -4.220602e+00  4.683087e+00  1.000000e+00  2.745e-02  3.963e-02 -1.279e+00 -5.909772e-01  7.911600e-01  1.575175e-01 -1.279022e+00  6.304347e+00  <LogSample>  <DielIoni>  <SE> 
    394       1  9.686424e+02  9.686424e+02  1.517e-06 -1.146547e+01  1.119034e+01  1.000000e+00  0.000e+00  0.000e+00  1.000e+01 -7.725421e-01  4.182805e-01  4.777239e-01 -2.733012e+00  1.602126e+01  <samplecontainer>  <PE>  <BSE> 
    401      64  5.271142e+00  5.271142e+00  1.282e-05 -6.092536e-01  2.812991e+00  1.000000e+00  3.419e-01 -3.999e-01 -3.377e+00 -3.838161e-01  5.354050e-01  7.523474e-01 -3.376688e+00  2.878213e+00  <LogSample>  <DielIoni>  <SE> 
    404       7  4.100455e+00  4.100455e+00  4.449e-06 -1.017029e+01 -6.876080e+00  1.000000e+00 -1.199e+01 -8.119e+00 -1.244e+00  8.802180e-01 -2.048267e-01  4.280915e-01 -1.262769e+00  1.470324e+01  <LogSample>  <DielIoni>  <SE> 
    405       5  1.450196e+02  1.450196e+02  1.303e-06  2.216173e+00  7.051227e+00  1.000000e+00  3.641e+00  3.848e+00 -7.058e-01 -3.170639e-01  8.671804e-01  3.840165e-01 -7.057983e-01  7.391294e+00  <LogSample>  <DielIoni>  <BSE> 
    405      60  9.119703e+00  9.119703e+00  3.042e-06  1.730836e-01  3.545801e+00  1.000000e+00  3.125e+00  4.551e+00 -1.037e-01 -8.671476e-01 -3.721471e-01  3.310008e-01 -3.621120e-01  5.584326e+00  <LogSample>  <DielIoni>  <SE> 
    405       2  5.741096e+00  5.741096e+00  3.230e-06  2.781910e+00  2.063400e+00  1.000000e+00  3.566e-01  2.859e-01 -7.917e-01  7.381370e-01  5.702969e-01  3.604374e-01 -7.917121e-01  3.463617e+00  <LogSample>  <DielIoni>  <SE> 
    406       1  1.148111e+03  1.148111e+03  8.824e-07 -6.057122e+00 -3.372188e+00  1.000000e+00  0.000e+00  0.000e+00  1.000e+01 -5.421346e-01 -4.173451e-01  7.293238e-01 -6.935566e-01  6.932559e+00  <samplecontainer>  <PE>  <BSE> 
    406       6  9.516222e+00  9.516222e+00  1.704e-06 -2.992659e+00 -1.415288e+00  1.000000e+00 -4.173e+00 -1.824e+00 -5.770e-01  6.529309e-01  2.259604e-01  7.229268e-01 -5.770095e-01  4.554039e+00  <LogSample>  <DielIoni>  <SE> 
    406       4  4.210367e+00  4.210367e+00  4.917e-06 -1.848632e+00 -2.464302e-01  1.000000e+00 -1.678e+00 -9.354e-01 -2.678e-01 -5.099818e-01 -4.653961e-01  7.234120e-01 -1.014291e+00  1.921086e+00  <LogSample>  <DielIoni>  <SE> 
    412       1  1.220957e+03  1.220957e+03  7.796e-07  2.351346e+00  3.849950e+00  1.000000e+00  0.000e+00  0.000e+00  1.000e+01  4.655270e-01  6.358309e-01  6.156328e-01 -1.173758e+00  4.511202e+00  <samplecontainer>  <PE>  <BSE> 
    413       1  1.117025e+03  1.117025e+03  9.833e-07  5.770730e+00  4.692511e+00  1.000000e+00  0.000e+00  0.000e+00  1.000e+01  4.057871e-01  7.235439e-01  5.584094e-01 -1.841968e+00  7.437808e+00  <samplecontainer>  <PE>  <BSE> 
    413       5  7.169119e+00  7.169119e+00  8.110e-06  1.150573e+00  2.318525e-01  1.000000e+00  5.055e-01 -4.085e-01 -6.813e-01 -5.906089e-02  1.180054e-01  9.912550e-01 -1.991360e+00  2.143763e+00  <LogSample>  <DielIoni>  <SE> 
    415       1  2.081757e+02  2.081757e+02  2.176e-06 -1.387779e+00 -9.695197e+00  1.000000e+00  0.000e+00  0.000e+00  1.000e+01 -3.222200e-01  5.003654e-01  8.036222e-01 -6.904977e+00  1.044423e+01  <samplecontainer>  <PE>  <BSE> 
    415      21  1.014648e+01  1.014648e+01  3.544e-06  5.382755e-01 -9.034560e+00  1.000000e+00  4.008e-01 -1.002e+01 -1.200e+00 -2.452351e-01  1.182761e-01  9.622216e-01 -1.199710e+00  1.002331e+01  <LogSample>  <DielIoni>  <SE> 
    420       1  1.415069e+01  1.415069e+01  5.798e-06 -1.269075e+01  2.321617e+01  1.000000e+00  0.000e+00  0.000e+00  1.000e+01  3.538380e-01  6.320367e-01  6.894405e-01 -1.024217e+01  2.675808e+01  <samplecontainer>  <PE>  <SE> 
    420      36  1.935415e+00  1.935415e+00  2.949e-05 -5.855337e+00  2.076747e+01  1.000000e+00 -1.143e+01  2.175e+01 -1.207e+00 -2.389019e-01  7.659678e-01  5.968411e-01 -2.730721e+00  2.457233e+01  <LogSample>  <DielIoni>  <SE> 
    420      40  1.945668e+00  1.945668e+00  6.604e-06 -1.234083e+01  2.134251e+01  1.000000e+00 -1.111e+01  2.171e+01 -1.215e+00 -7.189026e-01 -7.706231e-02  6.908259e-01 -1.215355e+00  2.465357e+01  <LogSample>  <DielIoni>  <SE> 
    420      34  8.345035e+00  8.345035e+00  1.172e-05 -1.166811e+01  2.134974e+01  1.000000e+00 -1.117e+01  2.272e+01 -9.612e-01 -2.105702e-01 -8.929252e-01  3.979257e-01 -1.828393e+00  2.646278e+01  <LogSample>  <DielIoni>  <SE> 
    421       1  7.937781e+02  7.937781e+02  1.876e-06 -1.468204e+01  7.300759e+00  1.000000e+00  0.000e+00  0.000e+00  1.000e+01 -5.680966e-01  6.315712e-01  5.276211e-01 -5.558491e+00  1.639705e+01  <samplecontainer>  <PE>  <BSE> 
    423      75  5.392486e+00  5.392486e+00  5.420e-06  2.512576e+00  2.824698e-01  1.000000e+00  1.421e-01  2.906e-02 -8.688e-01 -1.867211e-02 -4.471993e-01  8.942394e-01 -1.228582e+00  3.165347e+00  <LogSample>  <DielIoni>  <SE> 
    424      65  1.824717e+00  1.824717e+00  4.350e-05 -1.207330e+00 -4.694835e+00  1.000000e+00  3.233e-01 -3.840e-02 -2.019e+00  6.865634e-02  8.404757e-01  5.374820e-01 -2.888676e+00  7.045218e+00  <LogSample>  <DielIoni>  <SE> 
    424      70  3.626714e+00  3.626714e+00  1.896e-05 -1.048324e+00 -9.149220e-01  1.000000e+00 -3.074e-02 -5.333e-02 -1.902e+00 -5.819307e-01 -1.183881e-01  8.045750e-01 -3.157520e+00  2.104968e+00  <LogSample>  <DielIoni>  <SE> 
    425       1  1.235954e+03  1.235954e+03  6.827e-07 -1.417586e+00 -9.965442e-01  1.000000e+00  0.000e+00  0.000e+00  1.000e+01 -4.874847e-01 -3.267528e-01  8.096859e-01 -8.920278e-01  1.732816e+00  <samplecontainer>  <PE>  <BSE> 
    426      23  3.111792e+00  3.111792e+00  5.914e-05  1.167565e+01 -3.780641e+01  1.000000e+00  7.998e+00 -3.256e+01 -7.193e+00  2.108405e-02 -7.132575e-01  7.005849e-01 -7.193031e+00  3.995185e+01  <LogSample>  <DielIoni>  <SE> 
    427       1  1.126969e+03  1.126969e+03  1.390e-06  5.142953e+00  2.536963e+00  1.000000e+00  0.000e+00  0.000e+00  1.000e+01  2.691232e-01 -6.889837e-01  6.729592e-01 -6.749920e+00  6.007138e+00  <samplecontainer>  <PE>  <BSE> 
    429      68  4.724372e-01  4.724372e-01  2.654e-05 -2.007876e+00 -2.381352e+00  1.000000e+00 -1.500e-01  2.293e-01 -6.037e-01  2.269018e-01 -7.393553e-01  6.339316e-01 -3.780188e+00  3.456748e+00  <LogSample>  <DielIoni>  <SE> 
    432      43  4.458856e+00  4.458856e+00  1.405e-05  2.869222e+00 -1.537703e+00  1.000000e+00 -2.679e-01  1.635e-01 -4.217e+00  6.372535e-01 -2.238844e-01  7.374169e-01 -4.612281e+00  3.255298e+00  <LogSample>  <DielIoni>  <SE> 
    432       2  4.558662e+00  4.558662e+00  2.069e-05  1.214418e+00 -9.568219e-01  1.000000e+00  0.000e+00  1.248e-02 -2.477e+00 -3.721572e-01  4.817532e-03  9.281572e-01 -2.477303e+00  2.160586e+00  <LogSample>  <DielIoni>  <SE> 
    434       1  9.781951e+02  9.781951e+02  1.706e-06  6.060224e+00  4.293437e+00  1.000000e+00  0.000e+00  0.000e+00  1.000e+01  7.671914e-01  1.980004e-01  6.100928e-01 -9.629137e+00  7.426972e+00  <samplecontainer>  <PE>  <BSE> 
    434      12  1.063716e+01  1.063716e+01  1.511e-05 -1.730761e+00  4.559429e+00  1.000000e+00  4.013e+00  3.546e+00 -1.079e+00 -4.048027e-01  1.812139e-01  8.962680e-01 -2.032462e+00  5.355225e+00  <LogSample>  <DielIoni>  <SE> 
    436      43  3.360511e+00  3.360511e+00  2.893e-05  3.000345e+00  1.611503e+01  1.000000e+00 -1.859e+00  1.539e+01 -5.450e+00  4.050856e-01  4.262869e-02  9.132844e-01 -5.449578e+00  1.639196e+01  <LogSample>  <DielIoni>  <SE> 
    439      68  1.344160e+00  1.344160e+00  1.013e-05  2.140205e+00 -9.359550e-03  1.000000e+00  2.015e+00 -2.280e-01 -6.303e-01 -3.385000e-02  7.015285e-01  7.118370e-01 -7.978583e-01  2.447763e+00  <LogSample>  <DielIoni>  <SE> 
    443      70  5.321831e+00  5.321831e+00  8.744e-06  1.633392e+00  4.732190e+00  1.000000e+00  3.713e-02  4.585e-02 -1.677e+00  4.837526e-01  6.122587e-01  6.253981e-01 -2.948752e+00  5.006155e+00  <LogSample>  <DielIoni>  <SE> 
    443      69  3.474120e+00  3.474120e+00  5.415e-06  1.697332e+00 -4.106428e-01  1.000000e+00 -2.300e-02 -4.780e-02 -1.769e+00  7.589706e-01 -2.935688e-01  5.811892e-01 -1.768876e+00  1.746300e+00  <LogSample>  <DielIoni>  <SE> 
    445       2  5.855695e+00  5.855695e+00  5.758e-06  3.348514e-01 -1.048168e+00  1.000000e+00  8.897e-02  1.340e-01 -1.424e+00 -7.052246e-01  2.378850e-01  6.678839e-01 -1.424395e+00  2.207582e+00  <LogSample>  <DielIoni>  <SE> 
    448       1  1.249861e+03  1.249861e+03  8.590e-07  3.916591e+00  5.766611e+00  1.000000e+00  0.000e+00  0.000e+00  1.000e+01  5.600989e-01  8.157905e-01  1.441354e-01 -2.210686e-01  6.970903e+00  <samplecontainer>  <PE>  <BSE> 
    449      55  2.648529e+00  2.648529e+00  2.045e-05 -8.840771e-01  6.112193e+00  1.000000e+00 -1.217e-01  2.084e+00 -7.126e+00 -8.596046e-02 -4.988726e-01  8.624018e-01 -7.469524e+00  7.028326e+00  <LogSample>  <DielIoni>  <SE> 
    451       2  1.484696e+00  1.484696e+00  1.715e-05 -1.862434e+00  6.231292e+00  1.000000e+00 -3.542e-01 -5.889e-02 -3.533e+00 -2.389756e-01  8.585215e-01  4.536866e-01 -4.426800e+00  6.503666e+00  <LogSample>  <DielIoni>  <SE> 
    452       1  7.903063e+02  7.903063e+02  2.332e-06 -2.490975e+01 -1.046030e+01  1.000000e+00  0.000e+00  0.000e+00  1.000e+01 -8.499475e-01 -4.039723e-01  3.382243e-01 -5.739024e+00  2.701691e+01  <samplecontainer>  <PE>  <BSE> 
    455       1  5.402731e+02  5.402731e+02  4.346e-06  2.144448e+01 -4.268846e+01  1.000000e+00  0.000e+00  0.000e+00  1.000e+01  4.085340e-01 -9.069288e-01  1.028597e-01 -1.042776e+01  4.777207e+01  <samplecontainer>  <PE>  <BSE> 
    455      23  7.782406e+00  7.782406e+00  4.285e-06  1.766510e+01 -3.380730e+01  1.000000e+00  1.735e+01 -3.359e+01 -6.178e-02  2.863109e-01 -1.970325e-01  9.376589e-01 -6.177616e-02  3.814432e+01  <LogSample>  <DielIoni>  <SE> 
    456       1  1.073425e+03  1.073425e+03  1.895e-06  1.998187e+01 -1.354466e+01  1.000000e+00  0.000e+00  0.000e+00  1.000e+01  5.783715e-01 -7.759116e-01  2.518880e-01 -2.400627e+00  2.413986e+01  <samplecontainer>  <PE>  <BSE> 
    456       6  1.494455e+00  1.494455e+00  8.126e-06  8.789992e+00 -6.963162e+00  1.000000e+00  9.944e+00 -5.080e+00 -1.557e+00  3.104098e-01 -9.146961e-02  9.461919e-01 -1.557137e+00  1.195275e+01  <LogSample>  <DielIoni>  <SE> 
    456       2  1.492003e+01  1.492003e+01  1.635e-06  5.263542e+00 -7.080184e-01  1.000000e+00  5.905e+00 -1.194e-01 -1.095e-01 -6.061787e-01 -2.830925e-01  7.432402e-01 -1.370061e-01  6.127708e+00  <LogSample>  <DielIoni>  <SE> 
    457       1  1.233140e+03  1.233140e+03  6.797e-07  1.283195e+00  1.787553e+00  1.000000e+00  0.000e+00  0.000e+00  1.000e+01  4.615006e-01  5.686430e-01  6.809276e-01 -1.113264e+00  2.200440e+00  <samplecontainer>  <PE>  <BSE> 
    463      44  4.695322e+00  4.695322e+00  1.319e-05  4.432664e+00  4.661585e+00  1.000000e+00  4.190e+00  4.195e+00 -3.692e+00 -6.830461e-01  6.817647e-01  2.620020e-01 -4.113637e+00  7.354853e+00  <LogSample>  <DielIoni>  <SE> 
    463      67  1.674141e+00  1.674141e+00  1.042e-05  1.619048e+00 -3.884027e-02  1.000000e+00  1.779e+00  8.948e-01 -1.971e+00  6.429158e-01  3.450749e-01  6.838001e-01 -3.120186e+00  2.906323e+00  <LogSample>  <DielIoni>  <SE> 
    464       2  4.387855e+00  4.387855e+00  4.744e-06  5.597893e-01  1.376374e+00  1.000000e+00  2.120e-02 -9.941e-03 -3.442e-01 -5.663821e-01  5.907424e-01  5.746606e-01 -9.322529e-01  1.629387e+00  <LogSample>  <DielIoni>  <SE> 
    466      74  2.002363e+00  2.002363e+00  8.998e-06 -1.437222e+00  1.121840e+00  1.000000e+00  5.937e-01  1.259e+00 -8.516e-01 -4.985716e-01  1.518736e-02  8.667155e-01 -1.031873e+00  1.823220e+00  <LogSample>  <DielIoni>  <SE> 
    471       1  1.123278e+03  1.123278e+03  1.547e-06 -1.695478e+01  6.829358e+00  1.000000e+00  0.000e+00  0.000e+00  1.000e+01 -5.023229e-01  3.593235e-01  7.864848e-01 -4.767288e+00  1.827853e+01  <samplecontainer>  <PE>  <BSE> 
    471       2  3.856215e+00  3.856215e+00  1.137e-05  1.763780e+00 -1.737113e+00  1.000000e+00  6.616e-05  1.195e-02 -2.712e-01  6.931417e-01 -1.901768e-01  6.952607e-01 -1.929981e+00  2.475577e+00  <LogSample>  <DielIoni>  <SE> 
    480      35  2.349767e+00  2.349767e+00  2.508e-05 -1.454944e+01 -4.540354e+00  1.000000e+00 -1.595e+01 -4.295e+00 -4.210e+00  1.324597e-01  4.977397e-01  8.571520e-01 -4.210311e+00  1.666980e+01  <LogSample>  <DielIoni>  <SE> 
    481       3  8.110616e+00  8.110616e+00  6.163e-06  5.807912e-01 -2.269351e+00  1.000000e+00  0.000e+00  1.032e-02 -3.073e-01 -2.890169e-01 -1.751384e-02  9.571638e-01 -2.108662e+00  2.456070e+00  <LogSample>  <DielIoni>  <SE> 
    481      66  5.103853e+00  5.103853e+00  3.784e-06  1.438676e+00 -1.064766e+00  1.000000e+00  3.146e-01 -4.590e-01 -4.038e-01 -1.177340e-01  4.478450e-01  8.863259e-01 -9.674793e-01  2.357262e+00  <LogSample>  <DielIoni>  <SE> 
    482      56  8.010329e+00  8.010329e+00  5.889e-06 -4.599314e+00  3.535262e+00  1.000000e+00 -1.053e+00  2.914e+00 -2.923e+00 -4.617878e-01  3.964141e-01  7.934784e-01 -2.923448e+00  5.801014e+00  <LogSample>  <DielIoni>  <SE> 
    482       3  9.080570e+01  9.080570e+01  1.073e-06  4.939890e-02  1.578862e+00  1.000000e+00  5.154e-02  1.663e-02 -8.619e-01 -2.670385e-01  7.957251e-01  5.436102e-01 -8.619379e-01  1.579634e+00  <LogSample>  <DielIoni>  <BSE> 
    484       2  5.298601e+00  5.298601e+00  1.902e-06 -9.352502e-03 -2.479097e-01  1.000000e+00  0.000e+00  1.047e-02 -4.585e-01  4.770920e-01 -3.299638e-01  8.145595e-01 -5.231659e-01  6.176829e-01  <LogSample>  <DielIoni>  <SE> 
    486       1  5.318537e+02  5.318537e+02  2.338e-06 -3.072810e+00 -1.717949e+00  1.000000e+00  0.000e+00  0.000e+00  1.000e+01 -5.062919e-01 -5.039018e-01  6.998225e-01 -1.285514e+01  4.359780e+00  <samplecontainer>  <PE>  <BSE> 
    486      24  1.327325e+00  1.327325e+00  3.264e-05 -1.881976e+00  1.498264e+00  1.000000e+00 -9.535e-01  4.348e-01 -6.674e+00  4.062135e-02  1.604764e-01  9.862034e-01 -6.674245e+00  3.391488e+00  <LogSample>  <DielIoni>  <SE> 
    488       2  4.903933e+00  4.903933e+00  2.035e-06  1.327130e+00  3.273961e-02  1.000000e+00  0.000e+00  1.077e-02 -7.605e-01  6.390014e-01  4.256347e-02  7.680271e-01 -7.604851e-01  1.327533e+00  <LogSample>  <DielIoni>  <SE> 
    493       1  1.000548e+03  1.000548e+03  1.549e-06 -8.746292e+00 -1.323404e+01  1.000000e+00  0.000e+00  0.000e+00  1.000e+01 -7.451278e-01 -4.031251e-01  5.312953e-01 -3.844799e+00  1.586309e+01  <samplecontainer>  <PE>  <BSE> 
